0.5
0.001
1439.59281437126
5
14
7
120
35
32
0.0357142857142857
0.0357142857142857
0.0357142857142857
0.0357142857142857
0.0357142857142857
0.0357142857142857
0.0357142857142857
0.0357142857142857
0.0357142857142857
0.0357142857142857
0.0357142857142857
0.0357142857142857
0.0357142857142857
0.0357142857142857
0.0357142857142857
0.0357142857142857
0.0357142857142857
0.0357142857142857
0.0357142857142857
0.0357142857142857
0.00194
0.00194
0.00194
0.00194
0.00194
0.00194
0.00194
0.00194
0.00194
0.00194
0.00194
0.00194
0.00194
0.00194
0.00194
0.00194
0.00194
0.00194
0.00194
0.00194
0.011
0.011
0.011
0.011
0.011
0.011
0.011
0.011
0.011
0.011
0.011
0.011
0.011
0.011
0.011
0.011
0.011
0.011
0.011
0.011
0.00404166666666667
0.00404166666666667
0.00404166666666667
0.00404166666666667
0.00404166666666667
0.00404166666666667
0.00404166666666667
0.00404166666666667
0.00404166666666667
0.00404166666666667
0.00404166666666667
0.00404166666666667
0.00404166666666667
0.00404166666666667
0.00404166666666667
0.00404166666666667
0.00404166666666667
0.00404166666666667
0.00404166666666667
0.00404166666666667
0.0808333333333333
0.0808333333333333
0.0808333333333333
0.0808333333333333
0.0808333333333333
0.0808333333333333
0.0808333333333333
0.0808333333333333
0.0808333333333333
0.0808333333333333
0.0808333333333333
0.0808333333333333
0.0808333333333333
0.0808333333333333
0.0808333333333333
0.0808333333333333
0.0808333333333333
0.0808333333333333
0.0808333333333333
0.0808333333333333
0.00202083333333333
0.00202083333333333
0.00202083333333333
0.00202083333333333
0.00202083333333333
0.00202083333333333
0.00202083333333333
0.00202083333333333
0.00202083333333333
0.00202083333333333
0.00202083333333333
0.00202083333333333
0.00202083333333333
0.00202083333333333
0.00202083333333333
0.00202083333333333
0.00202083333333333
0.00202083333333333
0.00202083333333333
0.00202083333333333
