5481,2774.5444820839,1263,1263
5450,2801.15415304567,1271,1228.13844687607
5408,2815.21026072365,1277,1195.92801931546
5347,2818.03722298665,1301,1166.26347219633
5303,2810.92669634219,1302,1139.03747827629
5257,2795.09441744642,1351,1114.1386910692
5219,2772.23780486225,1365,1091.45427797294
5149,2743.83227276825,1367,1070.86869420806
5069,2710.74055299539,1439,1052.26539111929
4996,2673.70197625909,1482,1035.52616310305
4913,2633.39724963304,1521,1020.53227509087
4801,2590.47351326405,1548,1007.16482122492
4645,2545.46017046166,1571,995.30498212749
4497,2498.84046803559,1580,984.834296187287
4340,2450.98201099918,1578,975.63567162136
4203,2401.36266339214,1594,967.593068655487
4068,2349.53517237421,1608,960.592265043821
3494,2295.98007665887,1591,954.521895555386
2934,2241.14645454475,1611,949.272366627505
2371,2185.42229411985,1646,944.738313408885
2267,2129.15055840982,1608,940.816983498139
2151,2072.57963558722,1611,937.410022680513
2056,2015.9172922446,1587,934.423424101331
1972,1959.34845395607,1604,931.767549953766
1895,1903.03043953715,1610,929.359744979877
1814,1847.10933546548,1591,927.120519241848
1741,1791.70504632741,1595,924.978959101951
1665,1736.92740630626,1584,922.868421586724
1590,1682.8686196903,1552,920.731597472307
1508,1629.62500608171,1547,918.516540561116
1431,1577.32773394408,1523,916.177958468909
1372,1526.09264676865,1518,913.684887688543
1332,1476.03188070268,1519,911.015794427281
1301,1427.24909130777,1520,908.314172140109
1258,1379.83416237863,1467,905.636247861689
1201,1333.87147393525,1462,902.962858170522
1148,1289.42389503652,1421,900.320578278072
1105,1246.57041305045,1360,897.704143236172
1078,1205.40102881038,1343,895.088145377909
1046,1166.00368127315,1320,892.449480948503
996,1128.46509536206,1300,889.766453959039
978,1092.86631351087,1285,887.019906708336
944,1059.27946693802,1257,884.193581965803
910,1027.76575137342,1232,881.272477728808
880,998.368881233152,1207,878.243189523332
857,971.110167442772,1180,875.093605770641
843,945.983971776543,1165,871.812946491432
822,922.953489947747,1136,868.391645333963
797,901.947994047772,1104,864.821262508657
776,882.861273783939,1088,861.094609742157
764,865.553115183638,1062,857.204467900132
753,849.852076033421,1039,853.143267559284
736,835.560113522332,1012,848.904416403257
721,822.459969723403,1012,844.482849147226
707,810.32465103039,1006,839.87438796886
697,798.927183112162,1001,835.076109096282
678,788.050443532986,994,830.086223343712
667,777.495771649411,991,824.903211965675
653,767.089797542164,952,819.527571467546
634,756.688992836825,929,813.960351250034
618,746.181742930791,894,808.202606607818
631,735.488248368101,872,802.256138232227
602,724.559011645549,876,796.124056829406
595,713.371222021603,861,789.809592171473
586,701.924695868325,850,783.313438770797
578,690.237067120678,851,776.645500593444
576,678.337756370117,840,769.89322197231
562,666.264745638079,789,763.148429905946
551,654.064597489244,757,756.419579014658
542,641.787613924198,742,749.698236894908
536,629.484223846124,726,742.982832037414
533,617.203517528348,701,736.272223655077
528,604.991758123987,681,729.565612236106
527,592.891505977961,662,722.862564580712
526,580.941181006867,640,716.162991745701
520,569.174525698701,612,709.467048054441
511,557.620830482318,602,702.775197946283
513,546.304993348669,590,696.088164834406
512,535.247484608977,591,689.406860269399
511,524.464791579082,598,682.732407196444
511,513.970574113476,567,676.066218554546
520,503.774580772133,547,669.409749357592
514,493.88374929957,546,662.764616892538
508,484.30321784993,549,656.132694485906
503,475.034998895518,535,649.515869978858
499,466.078682719585,520,642.916122791882
496,457.434269397704,514,636.335703287782
490,449.099916144695,512,629.776891655834
489,441.071762336155,492,623.24196808532
488,433.343951169295,488,616.733224757947
480,425.909574684773,496,610.253075316168
474,418.764177773789,493,603.803937583787
465,411.902593638268,501,597.388217482581
451,405.318562387161,503,591.008320934328
442,399.004834330406,462,584.666653860804
436,392.953264744426,456,578.365622183786
429,387.155297614756,448,572.107742834723
423,381.604234616939,452,565.895355283753
420,376.293148103768,443,559.729789704937
410,371.214535410944,449,553.612164203133
408,366.361263550353,455,547.542924384233
406,361.72652649735,458,541.52259822305
403,357.303200880998,448,535.551743048216
401,353.084643588258,445,529.630922151769
403,349.064614708113,453,523.760702473103
392,345.236520736498,450,517.941657992918
387,341.594133541949,446,512.174355497879
382,338.132172134013,434,506.459320373784
378,334.845217651083,434,500.797075967601
376,331.727682136914,444,495.188145626296
369,328.773318930495,440,489.633120042437
371,325.975996499485,442,484.132617252132
367,323.332170285559,424,478.686959305306
363,320.838334251123,420,473.296451833311
368,318.490890755329,423,467.961400467502
370,316.286157654052,432,462.682110839234
366,314.22037491616,418,457.458888579859
359,312.289710790817,420,452.292039320734
356,310.490267558143,421,447.181868693211
350,308.818086893298,420,442.128682328645
348,307.269173127581,397,437.132784936363
346,305.84046191112,392,432.194379167786
343,304.529879148697,390,427.313478316128
333,303.335291422102,386,422.490075488548
330,302.254530647181,373,417.724163792206
324,301.285396369269,383,413.015736334261
326,300.425657931225,381,408.364786221872
324,299.673056522835,383,403.7713065622
323,299.02557522837,378,399.232352451389
318,298.482063578578,379,394.74048432169
317,298.03901860536,380,390.322248022715
318,297.692537526384,377,386.008962052266
311,297.438697153392,369,381.831944908148
314,297.274112517419,371,377.81789772127
311,297.199917319857,377,373.956114173467
311,297.216729737623,387,370.240415288859
308,297.324700727538,385,366.668407212251
304,297.523964937057,371,363.237695125214
309,297.813456306619,362,359.945238888916
308,298.192779765295,367,356.788557691958
305,298.662791780809,374,353.765943625509
302,299.224333122497,375,350.875688780737
295,299.878228239822,378,348.11608524881
293,300.625284605765,385,345.485425120898
288,301.466292023137,380,342.98200048817
286,302.402021891719,373,340.604103441793
282,303.433226434082,359,338.350026072938
280,304.560637877818,358,336.218060472771
281,305.78496759184,364,334.206498732463
277,307.106905174278,357,332.313632943182
278,308.527117489427,371,330.537755196097
276,310.04624765107,364,328.877157582375
275,311.664913949418,363,327.330132193187
276,313.383665921038,353,325.895000259597
273,315.202768707987,343,324.5706879075
272,317.123771869804,346,323.356200404072
273,319.148538144316,347,322.250430728623
273,321.278891260986,344,321.252271860464
276,323.516613336864,342,320.360616778906
272,325.863442118018,341,319.574358463258
270,328.321068056741,342,318.892389892832
276,330.891131214369,345,318.313604046938
276,333.575217979033,351,317.836893904887
278,336.374857587188,340,317.461152445988
279,339.291518437281,342,317.185272649553
284,342.326604183475,332,317.008147494892
285,345.481449596884,328,316.928669961315
294,348.75731618142,327,316.945733028134
299,352.155000405777,324,317.057713710276
303,355.675657371541,328,317.262726079247
306,359.322118444682,325,317.560468444981
315,363.09715699971,327,317.950699822306
322,367.003422117075,333,318.433179226054
325,371.04342937311,335,319.007665671055
327,375.219551007101,337,319.67391817214
331,379.53400543116,338,320.431695744137
341,383.988846048361,336,321.280757401879
349,388.585949344807,334,322.220862160195
357,393.327002222103,327,323.251769033916
362,398.213488538131,308,324.373237037872
373,403.246674826386,296,325.585025186893
388,408.427595167393,293,326.88689249581
393,413.756932062514,294,328.278577063749
403,419.23465786445,291,329.759952055079
409,424.862934639686,294,331.331871626813
416,430.644141652293,291,332.995362261703
424,436.580267661593,291,334.7514504425
436,442.672881872602,288,336.601162651957
442,448.923103238309,283,338.545525372825
450,455.331568141165,282,340.585565087857
448,461.898396513993,285,342.722308279804
457,468.623156501196,281,344.956781431417
464,475.504827810936,307,347.29001102545
474,482.541763969248,310,349.723023544653
494,489.731653759314,310,352.256845471779
519,497.070724954248,316,354.892120587353
539,504.479614974379,318,357.591473461866
538,511.903905135043,320,360.329793353323
536,519.339163766474,320,363.107227270435
549,526.780763796104,312,365.923922221914
559,534.223901092119,315,368.780029069617
575,541.664414359227,322,371.676344162059
588,549.096012155582,328,374.614397937564
607,556.511182000757,323,377.595639589836
624,563.90240901029,331,380.621518312583
643,571.262200437432,331,383.69348329951
657,578.583112319841,340,386.812983744323
669,585.857778199761,350,389.98146884073
680,593.078939854576,353,393.200387782436
692,600.239479939648,348,396.471189763147
707,607.332461432092,351,399.795325742746
725,614.351368707504,358,403.17444689106
736,621.289412881947,377,406.610403836323
739,628.139853370927,379,410.105019680925
744,634.896329973361,386,413.660117527257
749,641.552902043045,396,417.277521094508
750,648.103936222234,394,420.959132024246
747,654.544144718592,395,424.706946570251
776,660.868805428118,404,428.522956568889
794,667.073645879682,407,432.409277726367
794,673.155004877811,418,436.368069228472
799,679.109854618279,429,440.401544391741
807,684.93575825334,435,444.512041199506
804,690.630982059531,442,448.701944787015
804,696.194454308426,446,452.973748260856
797,701.625832630969,479,457.330000720905
791,706.925479341806,495,461.773340771794
785,712.094460803604,503,466.306500640034
776,717.134571686363,513,470.932291820499
771,722.048266596041,505,475.653679589577
764,726.838659831542,513,480.473764706159
765,731.509770505219,521,485.394813126195
767,736.066446941252,555,490.418517302255
766,740.513998764647,564,495.546409480564
765,744.858137458124,593,500.780078185016
762,749.105009726887,597,506.121111939504
758,753.261132132382,611,511.571099267922
758,757.333323349761,615,517.131628694161
762,761.328634776601,619,522.804288869949
753,765.254242451102,625,528.590675878997
747,769.117376394037,652,534.492358313193
749,772.9253021738,652,540.510890223501
744,776.685247524216,669,546.647825410677
741,780.404329450318,665,552.904702072277
742,784.089486409164,671,559.283033899212
737,787.747436123644,674,565.784332346492
740,791.384618017033,693,572.410098128671
751,795.007144714089,706,579.161812916117
756,798.620767938559,717,586.040942321706
762,802.230840671111,715,593.048924500179
781,805.84228978408,726,600.187181162588
800,809.459592065102,741,607.457108009359
808,813.086756567143,752,614.860073343267
822,816.727312088773,760,622.397436753316
840,820.384307404347,746,630.070479861635
837,824.060301196249,744,637.880470373544
849,827.757362327618,752,645.828675354855
865,831.4770859694,757,653.916317651069
899,835.2206083969,763,662.144548021116
918,838.988606515902,805,670.514509153118
957,842.781324578193,794,679.027302376013
