73,72.6858873567709,1,1
80,69.5454768045802,0,223.976527178097
85,68.2045666429948,0,423.322252610095
91,68.7093136252093,0,600.905182517858
96,71.0274453055497,1,758.507668179053
100,75.014305920397,0,897.795991777766
106,79.8357277693503,1,1020.37324137617
113,84.8673685220946,0,1127.72312416142
121,90.2483741031731,1,1221.26738675704
126,96.1396053667797,1,1302.32799795734
130,102.707277445912,0,1372.14954584617
138,110.08628265734,84,1431.90123789055
148,118.316176248192,91,1482.65740530108
160,127.424569871353,109,1525.44069779721
168,137.475624314686,131,1561.1765979041
174,148.58228744741,149,1590.73843456192
182,160.869870236146,163,1614.927748756
191,174.442511934314,163,1634.46681032166
203,189.409308509119,176,1650.034340033
216,205.89553637008,167,1662.22762027146
226,224.038180783081,184,1671.60054083664
231,243.999450784898,182,1678.64367985085
237,265.955763827753,188,1683.79463688661
241,290.093845224432,194,1687.43908723478
247,316.608438381971,194,1689.91149347515
252,345.691037858568,202,1691.50433194504
255,377.532111816783,201,1692.45504355257
260,412.28107708296,206,1692.97173819484
267,450.038139606993,185,1693.20955236539
278,490.770718508168,190,1693.29586456701
290,534.245830412639,198,1693.31835136924
306,579.841962188689,208,1693.33171475699
327,626.184065639157,218,1692.88399498515
360,670.985008135028,238,1690.61043539258
406,711.254947695707,247,1686.6120006374
461,743.461803836615,250,1681.07575600481
515,764.710700833408,254,1674.15469019926
574,774.920524094367,257,1665.99086902293
627,778.788464342224,263,1656.73011567276
686,785.034772773348,262,1646.51050675109
741,802.359303762993,261,1635.46083560921
796,835.549448852268,267,1623.69978240836
854,884.890275492318,275,1611.33130348307
908,948.072122062273,294,1598.45051918747
970,1022.21153928004,309,1585.14516397979
1047,1104.90114336538,319,1571.49623287816
1145,1194.45965996733,346,1557.57967092871
1249,1289.79490616984,354,1543.46582480409
1322,1390.19604834663,374,1529.22013008604
1380,1495.13370526221,403,1514.90288195482
1431,1604.16890716493,425,1500.57200017962
1520,1716.8578409116,431,1486.28290419596
1653,1832.7208279033,463,1472.08940099719
1817,1951.23845670302,504,1458.0444548944
1995,2071.84137675027,526,1444.20113045976
2158,2193.92020040305,570,1430.61315074314
2310,2316.82298425616,602,1417.33705717483
2483,2439.88044190251,618,1404.42953635908
2652,2562.40584489639,645,1391.95730470331
2816,2683.70960479051,710,1379.9918339795
2937,2803.10587040829,735,1368.60610227878
3033,2919.94054303274,761,1357.88612556771
3138,3033.58552223242,804,1347.92759840793
3260,3143.37920635067,866,1338.43310369068
3431,3248.78621350312,887,1328.60519097783
3553,3349.61310986075,922,1318.4919359549
3629,3445.70172925757,968,1308.18277963805
3640,3536.91395566825,1003,1297.77204548093
3643,3623.12634613788,1023,1287.35465714498
3661,3704.22061808399,1063,1277.02715114985
3725,3780.08677625713,1074,1266.88933720467
3784,3850.60271964948,1132,1257.04318629682
3809,3915.61308275062,1190,1247.59342621021
3805,3974.91990834767,1190,1238.64563778153
3829,4028.29750191132,1221,1230.30513662285
3923,4075.48003375904,1244,1222.67542226075
4036,4116.17614156408,1275,1215.85762641293
4171,4150.0687544594,1283,1209.94830749671
4225,4176.82506705606,1324,1205.03983034159
4263,4196.09425282043,1332,1201.21769268918
4941,4207.51376708584,1317,1198.55952737438
5622,4210.71356652995,1333,1197.13376852384
6308,4205.3229508316,1348,1196.996560394
6309,4190.97430661868,1382,1198.19380006294
6291,4167.3109526644,1387,1200.75469251003
6228,4133.9787347315,1399,1204.70117021237
6165,4090.66854973342,1409,1210.02320503758
6083,4037.08729642094,1409,1216.70101741502
5984,3972.94108863043,1468,1224.71138124419
5828,3898.01810295431,1510,1233.99099726855
5675,3812.15560890732,1545,1244.45784191668
5482,3715.19532011647,1573,1256.02794622679
5326,3607.0554981897,1590,1268.58951946693
5178,3487.22561303651,1602,1282.00118956995
4367,3359.83328867937,1606,1296.19148709973
3549,3234.22731922275,1614,1311.19438973907
2718,3111.22307424069,1619,1326.91133051919
2589,2990.79309546,1593,1343.21678141686
2460,2872.87103227344,1608,1359.97565321948
2354,2757.37929237878,1637,1377.0438343655
2253,2644.44172138924,1604,1394.27108876433
2160,2534.2113787988,1610,1411.50719033109
2068,2426.85104986305,1579,1428.60170285138
1978,2322.55272940876,1593,1445.40245246277
1881,2221.5088621141,1593,1461.75645010206
1795,2123.92379667969,1563,1477.51084358741
1709,2030.17390702735,1564,1492.51382961675
1628,1940.34709056744,1551,1506.6078982291
1555,1854.41643092078,1525,1519.63386530383
1504,1772.35547870907,1521,1531.43254672033
1472,1694.13116035801,1493,1541.84471895318
1428,1619.53975553131,1545,1550.7079272371
1357,1548.4023297623,1543,1557.8542013533
1284,1480.59324648274,1547,1563.11503844036
1222,1415.99232442744,1496,1566.32193563689
1185,1354.48818414912,1493,1567.30603423741
1147,1296.00352644325,1451,1565.8939732474
1114,1240.48058885875,1387,1561.92262074384
1076,1187.87588248715,1372,1555.23253430388
1035,1138.16937851762,1351,1545.66427150468
991,1091.36851400701,1333,1533.05787066097
954,1047.51105113267,1320,1517.25505195528
936,1006.67628360014,1295,1498.13272323105
917,968.976032396571,1268,1475.57607908754
859,934.545996929404,1240,1449.47031412403
851,903.518170197053,1159,1420.44995435537
826,875.976707701571,1144,1391.76562538152
812,852.062398389999,1117,1363.65956220369
803,831.871508272392,1086,1335.95871427386
782,815.41131198553,1072,1308.49240778477
771,802.568822548507,1047,1281.15618408318
754,793.086341316193,1023,1253.91223624455
736,786.544164402194,996,1226.72537766155
720,782.371768852528,994,1199.56014813783
708,779.883938985585,989,1172.38348221762
693,778.334987866454,984,1145.19487333792
672,776.985834837911,977,1118.00226532642
659,775.175033078434,974,1090.81360201082
682,772.373886764973,935,1063.6367457412
654,768.217074486298,911,1036.48885975603
635,762.509012913167,876,1009.41990863252
627,755.207409513797,854,982.486091649355
613,746.392727851055,857,955.74360808522
602,736.231827015949,841,929.249864590362
579,724.943485573904,831,903.076803167664
572,712.775233539032,831,877.304907303218
559,699.978744464648,821,852.014655967248
555,686.793997226787,771,827.286528129976
546,673.43966112682,752,803.201663526547
540,660.110818000427,736,779.844412758024
541,646.980345712078,722,757.297009962536
533,634.195542185503,698,735.641271423135
519,621.879276373566,678,714.95901342287
504,610.16224117366,661,695.361136256849
506,599.20746831554,639,676.997662150803
506,588.918115602669,612,659.778297966286
505,579.139184986781,600,643.585256761441
511,569.620124904349,590,628.210520221719
521,560.174921858416,591,613.436363485529
516,550.840184964939,597,599.246462371934
517,541.655824162473,566,585.627962339479
512,532.659017677453,547,572.570560829582
515,523.863268130157,544,560.068812266532
513,515.273977111364,549,548.117742166961
505,506.895015893002,534,536.7123760475
517,498.728608255554,520,525.847827194415
517,490.760888985813,513,515.523909224528
507,482.98694622315,512,505.737223813433
506,475.411136922848,491,496.481172940731
494,468.037120110045,487,487.749158586017
493,460.867921412977,496,479.534582728892
486,453.905992018961,493,471.830847348952
477,447.153262410161,502,464.631354425796
472,440.611191245667,502,457.929505939022
458,434.28080975542,461,451.718703868228
447,428.162762002942,454,445.992350193013
435,422.257341359988,446,440.743846892974
416,416.565431206848,448,435.965344150339
407,411.089154328418,441,431.643073275246
394,405.828014126741,446,427.762687825598
389,400.781133629016,453,424.309931642624
391,395.947417333149,456,421.270548567553
388,391.325571609187,447,418.630282441615
383,386.914185349661,443,416.375187594451
381,382.722862304758,453,414.5478020398
379,378.746109112047,450,413.118872995704
388,374.964542894805,446,411.991652090762
385,371.358556130806,433,411.069390953573
391,367.908312917351,435,410.255413237681
384,364.589266079888,443,409.488597178066
377,361.389782171108,441,408.768330354878
389,358.30659499889,444,408.094815449159
390,355.336389567739,428,407.468255141955
387,352.476112039959,422,406.888461854279
381,349.726492509956,425,406.349400632674
380,347.086119220182,434,405.845689590345
367,344.552453287542,420,405.373107353349
364,342.122925482513,421,404.927432547738
355,339.794623217539,422,404.504359132747
354,337.561540034741,421,404.098793711117
338,335.42170571246,398,403.706808201355
326,333.37448817473,392,403.324846875718
320,331.419240540312,392,402.949354006467
324,329.555301988398,386,402.576773865858
325,327.781998566253,373,402.203550726152
327,326.098643942784,382,401.826128859606
326,324.504540111684,380,401.440952538479
323,322.998978047611,382,401.04446603503
326,321.581238318552,376,400.633113621518
320,320.250591657353,378,400.2033395702
322,319.006299495165,378,399.751588153336
320,317.847901859761,376,399.275179776205
322,316.7769424394,369,398.772589819455
312,315.795691135805,369,398.24195735394
312,314.906412861591,376,397.681421384581
319,314.111367159053,385,397.089120916298
312,313.413292606502,384,396.462951222291
313,312.815868273388,369,395.801573286151
309,312.304434810347,361,395.097244660294
303,311.846605624492,368,394.337349587799
300,311.421275647757,374,393.514671024065
295,311.019168141248,375,392.626710826441
295,310.649426614188,378,391.677729639323
297,310.318015486858,385,390.670352024109
292,310.029682177348,380,389.606742919186
291,309.788266713399,373,388.48887453193
285,309.596583256421,358,387.318650511306
288,309.457621759622,358,386.097943997541
281,309.375040465647,365,384.828582503338
279,309.352533445393,358,383.512390810876
277,309.393981466481,372,382.151192376024
271,309.503587527639,366,380.746780786087
274,309.685280934131,364,379.300943995829
271,309.946069803838,354,377.815384878843
267,310.294930848229,344,376.291748664589
270,310.740917437905,346,374.73167859896
267,311.29427985837,348,373.136779347499
263,311.965961695151,344,371.508621516188
266,312.766871776653,341,369.848774677249
264,313.708050792629,341,368.158803270585
269,314.802380339675,341,366.44023259099
270,316.063553401703,345,364.694572551024
276,317.505353691359,349,362.92333595794
274,319.142702864538,339,361.127986508293
278,320.991070177003,341,359.309918482448
286,323.065855563703,331,357.470523317496
283,325.382530880397,326,355.611159946907
287,327.956979670809,327,353.733139719623
290,330.805222451791,323,351.837760460739
294,333.940984671873,328,349.926366000104
294,337.356067668126,324,348.000908438266
305,341.044793538424,327,346.063319745177
309,345.022925187196,331,344.115044881055
321,349.306624898175,335,342.15754522003
320,353.910931986271,336,340.191862727804
330,358.849813744023,337,338.218868334931
338,364.13637040643,336,336.239409149083
346,369.780730069068,333,334.254237143382
348,375.792723655149,326,332.264130911561
350,382.181799117988,308,330.269873617425
361,388.956493748947,295,328.272257566115
375,396.123506219651,293,326.272041491884
387,403.688591283497,292,324.269963847213
393,411.656709155858,290,322.266763084582
406,420.031919195944,293,320.263177490547
419,428.820527729309,290,318.259897565179
428,438.024557264351,291,316.257615295178
433,447.641098274248,287,314.257056491364
441,457.665691391776,282,312.258946964558
441,468.092098490232,281,310.264012525579
448,478.912040983025,285,308.272978985247
462,490.11490166972,279,306.286572154383
477,501.687386523134,307,304.305517843807
487,513.612679103497,309,302.330545320713
482,525.864697763228,309,300.362448046232
482,538.415203442841,314,298.402049738734
491,551.233018048323,319,296.450169618128
506,564.282693714841,319,294.50762942308
528,577.524251846287,321,292.575287082466
545,590.911288215251,312,290.65402483254
569,604.391165291391,315,288.744725403402
