3,3,2,2
7,-504.864718198038,4,503.143638903894
12,-962.820045654062,6,955.676479479819
21,-1374.55098936283,8,1363.15282058356
32,-1743.58349054729,10,1728.97278025058
43,-2073.2307227678,12,2056.32976924649
58,-2371.85551890861,14,2348.29869279508
75,-2647.49709088243,16,2607.74136829163
94,-2902.88944043236,18,2837.43869173815
115,-3140.43235992418,20,3039.91490724492
137,-3362.3793258384,22,3217.58028273093
163,-3570.93416526582,24,3372.77494242832
196,-3768.193299017,26,3507.60776069971
232,-3956.21390857573,28,3624.10812512387
277,-4136.87410601133,30,3724.1303910693
329,-4300.86607295495,32,3809.43525530768
385,-4440.13840390819,34,3881.80509689938
447,-4556.95952692049,36,3941.86529679918
515,-4653.32629939845,38,3990.09480493569
590,-4732.27738855577,44,4028.17917672762
667,-4796.62105311924,55,4057.78736452388
751,-4848.13755355851,71,4080.38262488852
842,-4888.19616221249,93,4097.26007810658
940,-4917.92189652654,122,4109.54660362785
1041,-4938.25667242653,159,4118.2213334104
1148,-4949.99475875229,203,4124.12679600265
1263,-4953.72559273889,256,4127.94740114069
1388,-4949.91471861552,317,4130.28247930004
1524,-4938.79317616838,387,4131.58324408411
1670,-4920.67033644078,465,4132.22769145555
1823,-4896.43481530427,552,4132.48731977031
1984,-4867.01772310006,648,4132.56280370513
2153,-4833.17680041698,753,4132.56371644107
2329,-4795.68097070959,869,4132.477914552
2515,-4756.15067662424,994,4132.24735455051
2706,-4715.28845830067,1129,4131.88820682734
2901,-4673.38325439304,1272,4131.25697082962
3103,-4630.67153207583,1424,4130.20441425334
3309,-4587.56534848489,1585,4128.79064613546
3520,-4544.47655015445,1757,4127.06923565267
3736,-4501.82322224608,1935,4125.08971280851
3965,-4460.00601797627,2120,4122.89526769593
4204,-4419.4029548768,2312,4120.51986760097
4452,-4380.38681098419,2509,4117.99327747624
4710,-4343.3099014631,2711,4115.34154629613
4980,-4308.48698935935,2917,4112.5877884868
5265,-4276.20304949251,3129,4109.75240211918
5568,-4246.72026867825,3345,4106.85331717388
5893,-4220.26494988173,3565,4103.90914759901
6248,-4196.96506508004,3789,4100.92537313157
6639,-4176.82737588335,4017,4097.88191996623
7068,-4159.88791062027,4250,4094.76935019177
7535,-4146.28701499499,4489,4091.60240861854
8037,-4136.15478004007,4734,4088.39395076813
8577,-4129.61271776033,4986,4085.15553300744
9156,-4126.76495449435,5246,4081.89663125958
9775,-4127.69571051453,5514,4078.62502916322
10439,-4132.48246441289,5792,4075.34796427158
11144,-4141.19125753941,6082,4072.07115132838
11900,-4153.88209637169,6382,4068.79939598077
12718,-4170.61498130459,6694,4065.53750284975
13617,-4191.44666156838,7020,4062.28989356265
14604,-4216.43209175294,7360,4059.06004095063
15667,-4245.62850815096,7715,4055.85132272348
16800,-4279.09715442301,8087,4052.66701262323
17997,-4316.85906207329,8477,4049.50866074669
19284,-4358.70997657555,8885,4046.37187581002
20684,-4404.38464003786,9314,4043.25068958524
22218,-4453.75450002064,9766,4040.1424233262
23887,-4506.92956201771,10241,4037.04951726022
25675,-4563.97605621339,10741,4033.97287901394
27572,-4624.95589708329,11269,4030.91312780581
29589,-4689.91800266487,11826,4027.87078960345
31730,-4758.89922161851,12412,4024.84623724994
34007,-4831.94063174028,13029,4021.83961485327
36406,-4909.08887461121,13677,4018.85091971077
38921,-4990.39698646787,14357,4015.87994847254
41545,-5075.92421639048,15071,4012.92628798771
44282,-5165.7334355187,15818,4009.98938855602
47161,-5259.88762191061,16599,4007.06854927271
50170,-5358.4723218022,17414,4004.16283416856
53292,-5461.58746677741,18264,4001.27119690196
56489,-5568.92574429413,19148,3998.39392066737
59754,-5679.9677238003,20066,3995.53170185765
63102,-5794.60963810871,21017,3992.68371944871
66562,-5912.84774446319,21999,3989.84911719882
70148,-6034.79645773554,23014,3987.02651786632
73815,-6160.47571094599,24060,3984.21425687242
77526,-6289.90443468647,25135,3981.41066864495
81266,-6423.10155954897,26238,3978.61408761174
85067,-6560.08601612543,27368,3975.82284820062
88944,-6700.87673500783,28525,3973.03528483943
92921,-6845.49264678811,29705,3970.24973195599
96962,-6993.95268205825,30909,3967.46452397813
101045,-7146.27577141021,32137,3964.67799533368
105583,-7302.48084543594,33387,3961.88848045047
110570,-7462.58683588652,34659,3959.09431375247
115924,-7626.85131064899,35956,3956.29298386016
121398,-7794.72206221735,37275,3953.48445865747
126876,-7965.00763422424,38617,3950.67077726005
132338,-8136.92680515127,39981,3947.85262273898
137755,-8310.52557220067,41365,3945.0281669558
143104,-8485.7812101826,42768,3942.19593759119
148396,-8662.67124142559,44190,3939.35451139173
153660,-8841.09234230781,45629,3936.50255475121
158874,-9020.88626055938,47085,3933.63871126589
164029,-9201.89948024807,48558,3930.76160167954
169099,-9383.96138602632,50048,3927.86986042936
174099,-9566.87722208333,51552,3924.96218332427
179027,-9750.45193318151,53070,3922.03726709692
183827,-9934.49046408327,54600,3919.09380847998
188461,-10118.797759551,56141,3916.1305042061
192955,-10303.1787643472,57694,3913.14605100795
197297,-10487.4384232343,59258,3910.13914561819
201507,-10671.3172949285,60830,3907.10917826923
205580,-10854.2713135415,62409,3904.05898226597
209079,-11036.0474136642,63994,3900.98881325595
212001,-11216.4438371014,65583,3897.8984103192
214468,-11395.258825658,67172,3894.78751253576
216725,-11572.2983951482,68760,3891.65581101458
218874,-11747.4105942372,70345,3888.50273065684
220922,-11920.4197280452,71928,3885.32783279952
222894,-12091.1446547728,73505,3882.1307117387
224789,-12259.4042326206,75076,3878.91096177045
226605,-12424.8212261694,76639,3875.66788273605
228335,-12586.361829202,78191,3872.39983504819
230012,-12744.1839801761,79731,3869.1070371446
231600,-12898.6210912896,81258,3865.78997538382
233105,-13050.0065747401,82769,3862.4491361244
234536,-13198.6738427254,84266,3859.08500572489
235892,-13344.9563074431,85747,3855.69807054384
237220,-13489.187381091,87213,3852.2888169398
238532,-13631.7004758667,88661,3848.85773127133
239796,-13772.829003968,90090,3845.40529989696
240996,-13912.9063775926,91501,3841.93200917526
242135,-14052.2660089382,92892,3838.43834546477
243239,-14191.1165839487,94261,3834.92488807202
244312,-14329.2800896678,95607,3831.39279452051
245369,-14466.8641429607,96929,3827.84334233533
246378,-14604.0071571234,98227,3824.27779871462
247353,-14740.847545452,99499,3820.69743085656
248302,-14877.5237212427,100746,3817.1035059593
249209,-15014.1740977915,101967,3813.49729122101
250080,-15150.9370883946,103164,3809.88005383985
250934,-15287.9511063481,104338,3806.25306101399
251786,-15425.354564948,105490,3802.61757994159
252613,-15563.4123978256,106621,3798.97113969325
253403,-15702.9349382822,107730,3795.2943143805
254175,-15844.1262724001,108817,3791.5843441016
254941,-15987.0857288053,109882,3787.84148266677
255689,-16131.9126361236,110927,3784.06598388628
256426,-16278.7063229811,111951,3780.25810157036
257151,-16427.5661180035,112955,3776.41808952925
257859,-16578.5913498168,113941,3772.54620157321
258553,-16731.8813470469,114909,3768.64269151246
259230,-16887.5354383197,115857,3764.70781315726
259899,-17045.6529522611,116787,3760.74182031785
260548,-17206.3332174971,117698,3756.74496680448
261182,-17369.6755626535,118592,3752.71750642737
261800,-17535.7793163563,119469,3748.65969299679
262415,-17704.7301918245,120331,3744.57227278931
263017,-17876.9116307294,121176,3740.45910809799
263612,-18053.3189269616,122004,3736.32294544445
264198,-18234.9966696112,122815,3732.16617634937
264776,-18422.9894477683,123607,3727.99119233345
265352,-18618.3418505231,124381,3723.80038491737
265914,-18822.0984669658,125136,3719.59614562183
266465,-19035.3038861865,125875,3715.38086596752
267007,-19259.0026972754,126598,3711.15693747513
267543,-19494.1985003489,127305,3706.92667016578
268076,-19740.7798430825,127997,3702.68996270265
268604,-19998.9000091237,128675,3698.44674207797
269131,-20269.1124898246,129337,3694.19765558156
269657,-20551.9707765376,129985,3689.94335050326
270177,-20848.0306616632,130618,3685.68447494177
270688,-21157.9199957934,131236,3681.42166003387
271201,-21482.2763380205,131840,3677.15543195278
271713,-21821.7185629667,132432,3672.88629389616
272224,-22176.8655452539,133012,3668.61474906167
272735,-22548.1881481673,133582,3664.34007828005
273255,-22932.4396423636,134142,3660.0311009608
273769,-23328.0785742714,134693,3655.67133623471
274277,-23735.1139664581,135235,3651.25720128269
274780,-24153.5548414907,135769,3646.78511328565
275279,-24583.5047831106,136294,3642.25191798994
275775,-25027.1742596147,136812,3637.66466432945
276265,-25485.01114468,137323,3633.02408844895
276754,-25956.3735602577,137828,3628.32624094223
277242,-26440.6196282995,138325,3623.56717240306
277722,-26937.1074707569,138817,3618.74293342523
278196,-27445.1952095814,139305,3613.84957460251
278661,-27964.2409667245,139788,3608.88314652868
279112,-28493.6028641378,140267,3603.83969979752
279554,-29032.6390237727,140741,3598.71528500282
279990,-29580.7075675808,141212,3593.50595273833
280419,-30137.1666175136,141679,3588.20775359786
280842,-30701.3742955226,142142,3582.81673817517
281262,-31272.6329651872,142603,3577.32874179531
281672,-31845.301396862,143061,3571.72068546405
282080,-32415.3533552547,143517,3565.97627227899
282486,-32981.9461810064,143970,3560.09160379165
282889,-33544.2372147578,144419,3554.06278155355
283290,-34101.3842816556,144864,3547.88591531331
283693,-34652.4701947128,145308,3541.5573734721
284085,-35196.1884919606,145750,3535.07180554527
284472,-35731.1314828193,146191,3528.42310425546
284854,-36255.8914767091,146631,3521.60516232535
285232,-36769.0607830503,147070,3514.61187247757
285608,-37269.2317112632,147507,3507.43712743478
285977,-37754.9965707679,147941,3500.07481991964
286348,-38224.9476709847,148372,3492.51884265479
286715,-38677.8909212286,148800,3484.74477724673
287078,-39113.546297383,149225,3476.68356888291
287446,-39531.8772074935,149646,3468.26215506911
287816,-39932.8470596057,150063,3459.40747331111
288182,-40316.4192617286,150478,3450.04646111667
288541,-40681.8724383714,150890,3440.14355882978
288897,-41027.8330295708,151300,3429.70020831204
289247,-41353.2894671428,151707,3418.69902999823
289595,-41657.3366390995,152111,3407.12128818826
289941,-41939.1185573865,152510,3394.94743277651
290284,-42197.8034114222,152907,3382.15727444975
290617,-42432.6114036726,153302,3368.72932510782
290947,-42642.7713964766,153695,3354.64199528736
291271,-42827.5587256438,154085,3339.87327193397
291597,-42986.2764205977,154473,3324.40094062842
291921,-43118.2508482647,154859,3308.20250966409
292244,-43222.8076146346,155243,3291.25531513194
292562,-43299.2757549101,155625,3273.53650156667
