126956,126956,37214,37214
132406,132457.666719638,38572,38130.0576633023
137814,137929.606080555,39948,39180.8523454172
143161,143358.622162119,41339,40355.2850882085
148464,148731.929149584,42752,41642.1148834942
153721,154036.771771166,44187,43030.0902563467
158940,159262.259679086,45643,44507.9163018302
164089,164398.455091767,47121,46064.1748117517
169158,169433.818975034,48590,47687.4253512691
174154,174355.797500805,50076,49366.1348608736
179067,179144.905537253,51581,51088.7228275833
183868,183093.834846391,53098,52843.586194455
188513,149315.237307275,54626,54619.0414960742
193010,98074.3480919744,56164,56403.3788660218
197350,98429.3860456207,57710,58184.8357920492
201553,100380.375499388,59264,59951.6201657405
205621,102252.436492677,60830,61691.903509347
209115,104010.925505022,62408,63393.850064574
212049,105647.416151462,63989,65046.1944331812
214420,107154.305350147,65571,66637.3608828274
216687,108524.29374229,67147,68155.4029430904
218838,109750.315274713,68719,69588.1412687425
220894,110827.308858782,70285,70925.0999247111
222866,111801.486575584,71852,72212.9411990877
224761,112729.992603352,73416,73516.1564054317
226575,113630.718933281,74970,74857.3918417745
228316,114496.278332882,76514,76231.5802197266
229981,115321.407954361,78081,77635.9173689055
231571,116101.887825791,79628,79067.2926003976
233079,116837.319908499,81160,80522.272328257
234510,117530.100734826,82677,81997.1029720583
235882,118183.336721994,84179,83487.6182324814
237214,118800.327573646,85663,84989.8856514205
238515,119384.740653148,87131,86512.9555129056
239773,119940.710685882,88580,88054.1386987225
240974,120473.120406694,90008,89603.0748346775
242122,120987.651288344,91416,91149.2368431961
243227,121489.751984631,92803,92681.9625932064
244305,121982.420427655,94169,94190.4925829758
245351,122467.210270448,95513,95664.0506818724
246347,122945.511209424,96833,97093.0668091945
247325,123418.350871657,98132,98470.6060641269
248269,123886.979122588,99406,99790.8967379974
249179,124353.173710502,100658,101048.606984676
250059,124819.058975615,101886,102238.494970973
250916,125283.45404349,103094,103364.247060937
251759,125731.760880279,104280,104465.241870597
252581,126164.595940728,105446,105545.103204904
253378,126584.315936576,106556,106603.434900381
254154,126993.114209492,107645,107640.58722477
254918,127392.851822961,108715,108657.706508646
255671,127784.382176893,109763,109656.723298669
256407,128167.831049019,110793,110640.382010007
257128,128543.233618668,111804,111612.611982551
257835,128910.621378503,112796,112578.098489544
258532,129270.043857851,113772,113540.245298109
259210,129621.546444239,114730,114498.313173368
259877,129965.044366354,115671,115449.907355224
260530,130300.539195658,116595,116392.673841006
261164,130628.061343158,117502,117324.4169408
261782,130947.648303969,118393,118242.95671625
262413,131259.586209404,119268,119146.541869723
263015,131564.315626224,120127,120033.456233659
263610,131862.256538026,120970,120901.863631554
264196,132153.859771479,121796,121749.909126072
264774,132439.489670597,122603,122575.530745533
265350,132719.451874022,123392,123376.430694258
265912,132994.321517752,124163,124151.633636614
266463,133264.918568741,124916,124901.601103488
267005,133532.018596972,125652,125626.78292927
267541,133795.798069137,126372,126327.48142312
268074,134056.343607608,127077,127004.645813436
268602,134313.8006726,127767,127659.491494136
269129,134568.402523552,128442,128294.719199835
269655,134820.398053235,129102,128913.276796358
270175,135070.03615442,129747,129518.11214953
270686,135317.565719878,130379,130112.173125176
271199,135563.23564238,130995,130698.407589122
271711,135807.293169588,131598,131279.520176766
272222,136049.962438864,132189,131855.860082915
272733,136291.455715023,132767,132427.836099123
273253,136532.290324889,133336,132997.252459744
273767,136773.368074038,133895,133567.144365463
274275,137014.540066179,134445,134136.356135356
274778,137255.592962321,134985,134703.482156952
275277,137496.313423474,135517,135267.116817785
275773,137736.488110647,136042,135825.854505384
276263,137975.903684851,136558,136378.289607282
276752,138214.346807095,137068,136923.016511009
277240,138451.604138388,137570,137458.629604098
277720,138687.462339741,138065,137983.723274079
278194,138921.708072162,138556,138496.891908483
278659,139154.127996662,139041,138996.729894843
279110,139384.50877425,139521,139481.831620689
279552,139612.637065936,139997,139950.791473553
279988,139838.299532729,140469,140402.203840967
280417,140061.384983381,140939,140837.018801277
280840,140282.102723085,141404,141263.428793953
281260,140500.422871278,141864,141683.937944989
281670,140716.289230918,142323,142100.436802453
282078,140929.645604965,142781,142514.815914411
282484,141140.435796377,143236,142928.96582893
282887,141348.603608115,143688,143344.777094077
283288,141554.092843137,144136,143764.140257919
283691,141756.847304401,144579,144188.945868523
284083,141956.810794868,145021,144621.084473955
284470,142153.927117496,145462,145062.446622283
284852,142348.140075244,145901,145514.922861573
285230,142539.393471071,146339,145980.403739893
285606,142727.637874307,146776,146460.489055209
285975,142913.209630146,147212,146941.416431692
286346,143096.409215895,147645,147414.558461164
286713,143277.359199608,148074,147879.580861258
287076,143456.182149339,148501,148336.149349603
287444,143633.000633141,148926,148783.929643833
287814,143807.937219067,149347,149222.587461578
288180,143981.114475173,149764,149651.78852047
288539,144152.65496951,150179,150071.198538141
288895,144322.681270133,150589,150480.483232221
289245,144491.315945096,150998,150879.308320343
289593,144658.681562452,151403,151267.339520137
289939,144824.900690255,151804,151644.242549236
290282,144990.087200511,152201,152011.60462845
290615,145154.318487937,152596,152374.486125089
290945,145317.668742192,152989,152734.477062404
291269,145480.212538958,153380,153092.99981116
291595,145642.024453917,153769,153451.476742122
291919,145803.179062752,154156,153811.330226055
292242,145963.750941143,154540,154173.982633726
292560,146123.814664774,154921,154540.856335898
292877,146283.444809326,155299,154913.373703337
293195,146442.715950482,155677,155292.957106808
293506,146601.697144172,156054,155680.832159672
293820,146760.27521032,156430,156072.443119524
294131,146918.331731631,156806,156464.923209852
294442,147075.804114549,157181,156857.68821949
294750,147232.629765518,157556,157250.153937274
295054,147388.746090983,157930,157641.736152041
295363,147544.090497389,158304,158031.850652625
295671,147698.600391178,158677,158419.913227862
295976,147852.213178797,159049,158805.339666588
296278,148004.866266688,159421,159187.545757639
296573,148156.497061297,159792,159565.94728985
296866,148307.043743827,160164,159940.343892441
297154,148456.446109521,160533,160311.709381854
297440,148604.641630095,160901,160680.278395129
297722,148751.567596314,161268,161046.209979451
298002,148897.161298948,161632,161409.663182005
298283,149041.360028764,161995,161770.797049979
298560,149184.10107653,162356,162129.770630558
298838,149325.321733013,162716,162486.742970927
299114,149464.959288982,163075,162841.873118272
299389,149602.886576884,163433,163195.328189932
299665,149738.588960712,163789,163547.307394179
299938,149872.415532622,164143,163897.869941602
300210,150004.922984984,164495,164247.045773137
300483,150136.668010164,164844,164594.864829723
300756,150268.240275728,165193,164941.350950747
301032,150400.438382222,165538,165286.452561781
301304,150533.57070345,165883,165630.135507579
301574,150667.823343991,166227,165972.380398874
301850,150803.382408424,166567,166313.167846402
302126,150940.43579014,166907,166652.476671386
302404,151079.203588776,167245,166990.266978464
302683,151219.917785022,167582,167326.514656031
302967,151362.807336257,167918,167661.201705775
303252,151508.101199855,168253,167994.310129383
303546,151656.033069266,168588,168325.822192939
303845,151806.84753182,168923,168655.727132491
304148,151960.654048345,169256,168984.020037982
304454,152117.533106268,169586,169310.695937824
304769,152277.565193016,169915,169635.749860434
305091,152440.828278117,170240,169959.17697684
305416,152607.30253891,170564,170280.979937648
305743,152776.849514645,170885,170601.172312869
306074,152949.324586258,171204,170919.768528376
306415,153124.583134683,171520,171236.783010042
306764,153302.513980458,171835,171552.238330068
307121,153483.555236208,172148,171866.299622739
307483,153667.995084699,172459,172179.114950815
307856,153855.977068954,172767,172490.799580926
308244,154047.644731993,173073,172801.4687797
308637,154243.127784982,173379,173111.234895955
309040,154442.318783189,173683,173420.147587766
309449,154645.200698438,173986,173728.246646452
309865,154851.828899001,174289,174035.583366703
310289,155062.258757939,174590,174342.209052624
310725,155276.591139426,174890,174648.174660858
311167,155495.063792982,175190,174953.528149986
311617,155717.939715264,175490,175258.316627567
312065,155945.481902927,175790,175562.587201164
312522,156177.977356851,176090,175866.386549666
312986,156415.851999922,176393,176169.756673568
313460,156659.577726288,176697,176472.73762655
313954,156909.626430794,177003,176775.369462241
314473,157166.470008283,177311,177077.692234269
315012,157430.664240266,177622,177379.745732494
315550,157702.949530024,177935,177681.568581624
316086,157984.084319539,178250,177983.19921893
316635,158274.992007967,178569,178284.674035844
317194,158576.673337282,178891,178586.027991762
