307565,307565,173328,173328
307940,317838.276415149,173634,174010.32972426
308327,327716.698941878,173936,174671.877781877
308720,337192.914091698,174234,175312.598951274
309126,346259.990966499,174528,175932.449161502
309545,354914.707050059,174821,176531.386749113
309973,363565.3772599,175114,177109.371057871
310406,372459.491544397,175408,177666.363896343
310842,381538.736817818,175704,178202.327879258
311283,386310.996877436,176002,178717.228269876
311731,209722.097171844,176302,179211.031651264
312193,213024.311311482,176603,179683.705694465
312670,217967.857484799,176906,180135.220634072
313157,222963.297054675,177210,180565.547581974
313639,228012.400342113,177517,180974.659878438
314121,232987.677488456,177827,181362.532042454
314612,237798.433570174,178140,181729.140305446
315118,242453.351703767,178456,182074.462850007
315646,246961.756545039,178777,182398.478842431
316191,251333.811480019,179100,182701.169593797
316760,255572.293112871,179426,182982.517560317
317323,259662.404922176,179755,183242.506932539
317895,263588.813468345,180086,183481.123403353
318483,267338.402412616,180419,183698.354189199
319078,270900.103949711,180755,183894.188052194
319691,274264.468270293,181096,184068.615111077
320329,277421.862700673,181441,184221.627382749
320992,280362.385821693,181791,184353.21778877
321689,283075.479499531,182147,184463.381258631
322409,285553.098688835,182507,184552.113786717
323140,287794.041511182,182872,184619.412750084
323881,289797.703713274,183242,184665.277427158
324622,291562.820015997,183618,184689.708611158
325359,293088.067354682,183999,184691.566732571
326097,294371.803839925,184385,184669.162707154
326861,295413.174233658,184777,184622.492735643
327642,296202.881019339,185176,184569.470329248
328418,296729.633677309,185581,184534.484368998
329202,296996.212324535,185995,184516.517140769
329991,297006.507648605,186417,184514.308436463
330779,296764.963145291,186848,184526.560091549
331558,296270.641062747,187289,184551.528419298
332349,295553.564894074,187737,184594.423903255
333143,294674.416830006,188194,184665.235421659
333936,293654.779211231,188661,184766.888765773
334725,292503.165929673,189138,184899.953674094
335528,291228.410856402,189626,185064.845823291
336334,289840.077949522,190127,185261.942236753
337143,288350.12883347,190641,185491.654766477
337948,286772.172655731,191167,185754.429280801
338752,285120.335573475,191705,186050.416828574
339551,283410.168080462,192255,186378.518026026
340340,281657.488654423,192816,186737.365229974
341115,279877.938714787,193389,187125.702572849
341874,278087.096189449,193972,187542.335629178
342640,276300.805517358,194566,187986.176466152
343390,274533.860366392,195172,188456.061001858
344127,272799.90386151,195789,188950.777464793
344860,271110.784180154,196417,189468.929576392
345588,269478.075371365,197056,190009.00619749
346304,267913.353514302,197705,190569.495831027
347021,266428.319478606,198362,191148.842797485
347738,265034.141612514,199027,191745.334656633
348463,263741.659986624,199701,192357.224141961
349191,262561.511246832,200384,192982.721428315
349930,261503.813831492,201077,193619.983403915
350670,260578.112049959,201779,194267.200649035
351428,259793.392146492,202489,194922.578599176
352202,259158.547057599,203205,195584.288299223
352969,258681.88936203,203927,196250.254588946
353734,258371.430313485,204655,196918.29910521
354516,258234.898580584,205390,197586.24705705
355300,258279.850178233,206134,198251.839971767
356090,258513.715603355,206885,198912.820627691
356898,258943.733631361,207642,199566.959191566
357720,259577.029067422,208406,200212.008111775
358554,260420.664921763,209177,200845.643545133
359407,261481.562599779,209954,201465.711212813
360283,262766.497542305,210737,202070.328689953
361149,264282.074858443,211525,202658.011747993
362036,266034.971343035,212319,203227.42216287
362938,268031.961376427,213119,203777.290802462
363890,270300.02424118,213928,204303.967246701
364879,272816.845852865,214745,204809.904370184
365930,275487.234542254,215571,205306.348504761
367011,278238.599502156,216409,205801.602970433
368112,281067.439380786,217255,206295.391153126
369256,283975.026027356,218113,206787.080401031
370447,286962.497438945,218984,207276.056623637
371675,290029.928734564,219867,207761.565959931
372952,293171.15881243,220765,208243.08930789
374277,296378.02779618,221679,208720.810603268
375645,299642.392141962,222610,209194.935295723
377072,302956.10830592,223560,209665.668834914
378545,306311.032744199,224528,210133.216670498
380094,309699.021912947,225517,210597.784252134
381681,313111.932268308,226526,211059.577029479
383330,316540.938794267,227557,211518.921903047
385025,319976.934736906,228610,211976.687441764
386758,323413.949456085,229684,212433.713095845
388541,326846.229924332,230780,212890.832613376
390346,330267.822981074,231898,213349.054122987
392203,333672.404072111,233040,213809.522144958
394139,337053.539453161,234209,214273.394368666
396158,340404.546351776,235403,214741.995898401
398223,343718.901158412,236623,215216.776899402
400383,346990.037267844,237871,215699.166464482
402559,350211.499720613,239147,216190.749273791
404807,353377.165657186,240452,216693.356605865
407106,356480.924427423,241786,217208.827510099
409460,359516.665381183,243150,217739.001035888
411888,362477.935379974,244547,218285.760701974
414349,365358.526356584,245977,218851.261323919
416839,368153.302341894,247440,219437.75894728
419372,370857.147993963,248936,220047.509744046
421953,373464.94797085,250469,220682.769886204
424594,375971.586930617,252033,221345.795545745
427288,378371.949531321,253628,222038.842894657
429980,380660.920431024,255255,222764.168104928
432718,382833.384287785,256914,223524.027348547
435406,384883.916935819,258603,224320.453130483
438144,386801.290293428,260320,225153.93891212
440868,388569.143516845,262067,226025.274815531
443580,390170.941353505,263841,226935.395091242
446275,391590.148550838,265641,227885.233989775
448960,392857.647647496,267464,228875.485474748
451650,394157.70976102,269311,229905.850935061
454346,395519.330148737,271181,230976.548073256
457028,396936.504971916,273074,232087.890750981
459689,398398.43679047,274986,233240.092168697
462310,399895.83114982,276913,234433.337937579
464891,401425.069610649,278857,235667.695838612
467448,402986.129841053,280813,236943.159839437
469971,404579.982239681,282778,238259.63763073
472505,406208.158606048,284752,239616.957668737
474975,407872.667356272,286738,241014.89952126
477420,409576.051004666,288730,242453.205194212
479858,411322.250444736,290728,243931.498029297
482308,413115.505094332,292729,245449.37297974
484720,414960.019762581,294731,247006.411843181
487104,416858.357520526,296732,248602.09416408
489444,418811.383798686,298730,250235.877502055
491728,420820.279148043,300724,251907.233273756
493982,422887.932193148,302712,253615.403167822
496217,425017.399791883,304694,255359.601863915
498431,427211.738802128,306666,257139.044041699
500634,429474.006081763,308630,258952.944380837
502798,431807.258488671,310587,260800.517560991
504949,434214.932128099,312536,262680.953477545
507117,436701.859636136,314473,264593.308082982
509272,439272.355279375,316399,266536.623562583
511421,441930.661608051,318309,268509.945100707
513576,444681.061599962,320206,270512.316157272
515748,447528.334804009,322093,272542.749865658
517943,450477.325721775,323968,274600.239792139
520172,453532.854834884,325833,276683.781351373
522419,456700.090805923,327688,278792.341243193
524716,459984.332013033,329535,280924.80942076
527078,463391.0846471,331376,283079.996545247
529481,466925.99131926,333213,285256.616919524
531956,470594.876526501,335045,287453.361954943
534491,474403.30982681,336874,289669.775104561
537031,478356.454615734,338703,291906.325792351
539589,482459.638030059,340530,294163.558181365
542194,486718.302757549,342356,296441.900659049
544876,491137.883618359,344185,298741.754013028
547616,495723.861401766,346019,301063.515174603
