22508,22507.9999986423,16502,16502
22539,22536.4438351368,16540,16541.5912197716
22571,22568.0277698512,16578,16581.3711752091
22604,22602.6246929235,16616,16621.3453099182
22641,22640.1062687563,16653,16661.5190359515
22681,22680.3420750985,16690,16701.8976906044
22723,22723.1453594338,16728,16742.4865803151
22766,22768.3815893948,16766,16783.2909354369
22813,22815.9970387765,16805,16824.315959007
22862,22865.927637713,16844,16865.5667637501
22913,22918.1051932199,16884,16907.0484120271
22966,22972.4580328062,16925,16948.7659396186
23025,23028.9059968108,16967,16990.724284827
23086,23087.3675556409,17010,17032.9283506688
23146,23147.7586945648,17054,17075.3829602493
23206,23210.0463414152,17099,17118.0928876209
23267,23274.1399918837,17145,17161.0628426144
23332,23339.8736125781,17192,17204.297455238
23401,23407.0806574805,17240,17247.8013117164
23476,23475.5934403966,17289,17291.5789118047
23558,23545.4552515014,17339,17335.6720799165
23643,23622.5847025073,17389,17381.1580839517
23731,23708.9570489017,17440,17428.3925855764
23823,23804.5880318456,17491,17477.3812799138
23922,23909.4893453775,17543,17528.1301783685
24032,24023.6455216229,17595,17580.6454686374
24149,24147.2300830149,17648,17634.9336569077
24279,24280.5554042249,17702,17691.0013953946
24423,24423.999183815,17757,17748.8556068759
24584,24577.9473033299,17814,17808.5033647954
24757,24742.7920025271,17874,17869.9519087165
24937,24918.9603733263,17936,17933.2087256108
25123,25106.896564809,18000,17998.2813961581
25315,25307.0703447973,18067,18065.1775791241
25527,25520.0114906986,18136,18133.9051080803
25761,25746.1265195971,18207,18204.4719546317
26012,25985.7375523191,18280,18276.8818748154
26280,26239.1602786333,18355,18351.1419711951
26550,26506.73292534,18432,18427.2673899046
26816,26788.8760086212,18512,18505.2736923859
27103,27083.3893976285,18595,18585.1708102136
27396,27378.2204477277,18680,18666.9471786854
27692,27672.3271661236,18767,18750.6152615267
27987,27966.0437296761,18857,18836.190808245
28283,28259.6937446249,18948,18923.6898871853
28579,28553.5792959175,19041,19013.1288503087
28882,28847.5821275881,19135,19104.5243059121
29192,29141.262926871,19231,19197.8930632654
29489,29434.1714749711,19329,19293.2520881602
29781,29725.8588545888,19429,19390.618489339
30064,30015.8796548443,19532,19490.0095216787
30344,30303.7855820401,19637,19591.4427266265
30622,30589.1054804701,19744,19694.9354829959
30910,30871.3279342375,19852,19800.5046978304
31184,31149.9345693139,19962,19908.1669656269
31454,31424.6956979117,20073,20017.9355782396
31718,31695.5654626423,20184,20129.8433598569
31984,31962.3370459991,20296,20244.2932895523
32249,32224.8962431425,20408,20361.3073210474
32510,32483.4559493752,20520,20479.9669438319
32769,32738.2459972599,20632,20599.3116951345
33025,32989.7207778039,20744,20717.9113148843
33283,33237.9588245222,20856,20835.4056020624
33534,33482.8800935485,20968,20951.8385233217
33782,33724.4153123418,21079,21067.2555706273
34018,33962.5280062425,21189,21181.7065637957
34251,34197.2068839886,21299,21295.2438436643
34479,34428.4690060339,21409,21407.9232537008
34701,34656.3438457572,21518,21519.8036418763
34922,34880.866566177,21627,21630.9482413949
35144,35102.0689302205,21736,21741.423628478
35359,35319.9799871212,21845,21851.2997527856
35569,35534.6322281783,21953,21960.6495405605
35777,35746.0508693331,22061,22069.5488388506
35982,35954.2449708066,22169,22178.0778700165
36183,36159.2109124109,22277,22286.3183391392
36381,36360.9762182118,22385,22394.3058684312
36578,36559.609388795,22493,22502.0339719282
36775,36755.1154640203,22602,22609.4341034821
36972,36947.6484759596,22711,22716.5830356093
37173,37138.6389698943,22822,22824.8056884964
37370,37328.7192447984,22933,22934.7798099576
37565,37517.8108800984,23045,23046.5212407857
37755,37705.8273757628,23157,23160.031241812
37943,37892.6760085624,23270,23275.3092885914
38127,38078.2904507684,23384,23392.3567094969
38312,38262.6569373469,23499,23511.1656742205
38497,38445.7233810794,23615,23631.7190626417
38681,38627.4175609461,23733,23753.9997034491
38864,38807.6435179504,23853,23877.9904253311
39043,38986.2768448708,23976,24003.6740569762
39220,39163.1590499777,24101,24131.0334270729
39398,39338.0908177388,24229,24260.0513643097
39577,39510.8239587,24360,24390.7106973752
39754,39681.051806121,24493,24522.9942549577
39933,39848.3977789721,24630,24656.8848657458
40112,40012.3677294788,24769,24792.3568475167
40294,40172.2899746739,24912,24929.3965104425
40474,40327.4841545029,25058,25068.0526397715
40659,40477.2482113971,25208,25208.5425719467
40843,40621.5460496358,25361,25352.567921177
41031,40759.1437415304,25517,25500.5725994302
41220,40888.2550357824,25676,25652.5666732768
41407,41006.7824610522,25838,25808.5599411227
41594,41112.3074843821,26002,25968.5613430064
41781,41202.0330682168,26169,26132.5796487753
41967,41272.7316522452,26339,26300.6249039672
42150,41320.6929200922,26512,26472.7068721812
42333,41341.6840916979,26686,26648.8318973189
42517,41330.9706279614,26863,26829.0062567753
42701,41283.3475176147,27044,27013.2362279454
42883,41193.2157270724,27228,27201.5280882244
43068,41054.7183007332,27416,27393.8881150073
43249,40861.9495412212,27608,27590.3225856893
43427,40609.3242585223,27803,27790.8552494558
43604,40292.1918437621,28001,27995.5328922115
43782,39906.8655512224,28202,28204.3184635044
43963,39451.2109294043,28406,28417.1681604593
44148,38925.1353152919,28614,28634.038180201
44334,38327.3840474389,28826,28854.2201196459
44518,37647.9396046676,29042,29075.2909464216
44707,36889.7396719852,29262,29297.0227078507
44895,36061.3229366329,29486,29519.4035699407
45086,35175.8655930905,29713,29742.4216986989
45277,34250.68747183,29942,29966.0652601328
45469,33306.1495404966,30173,30190.3224202498
45658,32364.061058041,30405,30415.1813450572
45851,31445.8458323838,30639,30640.6302005627
46045,30570.785205911,30874,30866.6571527734
46239,29754.632070656,31110,31093.250367697
46430,29008.7856100239,31346,31320.3980113407
46620,28340.0734894209,31582,31548.0882497121
46807,27751.18796179,31817,31776.3692255052
46992,27241.9157810447,32051,32005.583212781
47178,26808.2735480764,32283,32235.5472121062
47357,26444.2218844247,32513,32465.9712591487
47536,26142.6933289294,32740,32696.5653895769
47708,25896.2358948799,32965,32927.0396390588
47880,25697.4829707016,33187,33157.1040432626
48048,25539.2672186762,33405,33386.2412095871
48215,25413.8284608629,33620,33612.2877664445
48377,25315.9555327971,33833,33834.7279059883
48536,25241.4898440503,34044,34053.5071569267
48691,25186.8332877021,34252,34268.5710479679
48840,25148.8965065212,34458,34479.8653534429
48985,25125.0361058069,34661,34687.3346720134
49128,25112.9813259827,34861,34890.9164360635
49271,25110.8581248851,35058,35090.5470761819
49410,25117.1316667366,35251,35286.1630229574
49552,25130.5478457677,35442,35477.7007069787
49692,25150.0846794154,35630,35665.0965588345
49834,25174.9120971519,35815,35848.2870091136
49974,25204.3587721015,35998,36027.2084884046
50116,25237.889297237,36178,36201.7969232527
50256,25275.1103948527,36356,36371.9947490846
50397,25315.7076318484,36531,36537.7624359321
50539,25359.4373821083,36704,36699.0622642625
50684,25406.1185392839,36874,36855.8565145424
50832,25455.6524811476,37043,37008.9206713237
50983,25508.1120005491,37211,37163.6755869284
51134,25563.3520678156,37378,37321.1789129662
51286,25621.1912132314,37545,37481.4920246993
51439,25681.4551797665,37711,37644.6762973899
51591,25743.9777030024,37877,37810.7931062999
51743,25808.6010227034,38043,37979.9038266917
51894,25875.1761625981,38210,38152.0698338272
52049,25943.563014019,38379,38327.3525029686
52206,26013.6302572346,38550,38505.8132093781
52365,26085.2551518565,38723,38687.5133283178
52526,26158.3232248286,38901,38872.5142350497
52688,26232.7278813998,39082,39060.8773048362
52850,26308.3699613038,39267,39252.6639129391
53013,26385.1572592268,39455,39447.9354346208
53173,26463.0040256465,39647,39646.7532451433
53334,26541.9147053744,39842,39849.5327059785
53497,26621.7359401415,40039,40056.3331899553
53659,26702.1073894055,40239,40266.5277400277
53824,26782.6698442469,40442,40479.4879826238
53988,26863.0661408724,40648,40694.5850931259
54151,26942.591333614,40856,40909.8965879365
54309,27020.8472040391,41066,41124.0045434182
54463,27097.8991587855,41277,41336.8914349723
54613,27173.817460378,41489,41548.5397380001
54763,27248.67561067,41700,41758.9318441716
54914,27322.4552785761,41910,41968.0405097286
55063,27395.1540345019,42119,42175.850372135
55212,27466.8342479747,42328,42382.3565280631
55361,27537.5599494396,42536,42587.554074185
55508,27607.3965172274,42743,42791.4381071727
55650,27676.4104271323,42949,42994.0037236985
55792,27744.6690514021,43154,43195.2460204344
55928,27812.24049686,43357,43395.1600940527
56063,27879.1934741166,43559,43593.7410412253
56192,27945.597191567,43758,43790.9839586246
56322,28011.5212692084,43954,43986.8839429225
56451,28077.0356683596,44147,44181.4360907913
56578,28142.2106341764,44337,44374.6354989031
56706,28206.8796579297,44525,44566.1420181852
56831,28269.9133672723,44710,44754.2450873995
56953,28331.1873619508,44892,44938.6439704304
57069,28390.7395209769,45071,45119.2664632838
57184,28448.6079168681,45247,45296.0403619656
57297,28504.830779967,45419,45468.8934624815
57409,28559.4464697519,45588,45637.7535608376
57516,28612.4934516951,45753,45802.5484530396
57621,28664.0102785368,45914,45963.2059350935
57725,28714.0355750862,46071,46119.6538030051
57831,28762.6080258462,46226,46271.8198527802
57929,28809.7663649085,46378,46419.6318804248
58024,28855.549367677,46526,46563.0176819447
58118,28899.9958442245,46670,46701.9050539448
58202,28943.1720603963,46809,46836.2686668737
58283,28985.2089871581,46944,46966.0978099126
58362,29026.2427805789,47074,47091.343164358
58445,29066.4096180685,47199,47211.9554115065
58526,29105.8456945579,47319,47327.8852298537
58606,29144.680871027,47434,47438.9681986042
58682,29183.0720664768,47544,47545.461643123
58754,29221.1721317182,47649,47648.4047468931
58833,29258.9644609378,47750,47748.6021060341
58916,29296.3644043259,47847,47846.0305553638
59001,29333.2865862149,47939,47940.6641340494
59085,29369.6478494864,48027,48032.4780729476
59164,29405.3672587652,48111,48121.4480715347
59240,29440.3613949637,48192,48207.5508139451
59314,29474.5416532374,48270,48290.7635637041
59387,29507.8137035696,48346,48371.0637108935
59459,29540.0633976948,48419,48448.43051931
59523,29571.1666157347,48490,48522.8444112433
59581,29600.9992373473,48559,48594.2858093813
59632,29629.4276328032,48626,48662.7377777078
59682,29656.2975672212,48689,48728.1880633549
59733,29680.8027660983,48750,48790.2132026743
59775,29702.43133919,48809,48848.5786183737
59814,29721.7432700894,48866,48903.728429593
59846,29739.3012494073,48922,48956.1084633479
59884,29755.6679728602,48977,49006.1645466544
59922,29771.4061401296,49030,49054.3425065282
59960,29787.0787525249,49082,49101.0884178512
59997,29803.4463800951,49133,49147.0486464386
60033,29820.7213177979,49183,49192.5502463743
60072,29838.7002960235,49232,49237.607056278
60113,29857.1800517671,49280,49282.2329182262
60156,29875.9815506327,49327,49326.4414232155
60198,29894.9882703216,49374,49370.2452220669
60239,29914.0932812755,49420,49413.6567863571
60279,29933.2007981763,49466,49456.6883654363
60319,29952.2438314455,49511,49499.351661124
60355,29971.1448507429,49556,49541.6583750845
60392,29989.792197522,49600,49583.6193659452
60421,30008.0561003151,49644,49625.2444034243
60451,30025.7794583837,49687,49666.5416432512
60481,30042.777660805,49728,49707.5189953262
60510,30058.8443477143,49768,49748.184580693
60540,30073.7490573115,49807,49788.5455634501
60566,30087.2645378431,49846,49828.607925825
60589,30099.1947986474,49884,49868.363508255
60609,30110.1917196983,49921,49907.4369465962
60629,30120.7885164493,49957,49945.5516443361
60649,30131.242194656,49992,49982.5631111662
60669,30141.6538416369,50026,50018.389487939
60689,30151.9403084931,50059,50053.0490868612
60710,30162.1114625575,50091,50086.5375366404
60728,30172.1773734627,50122,50118.8503954974
60746,30182.1481108632,50152,50149.9832216529
60761,30192.052634632,50181,50179.9314218779
60776,30201.965431184,50209,50208.6894523214
60792,30211.9627269065,50237,50236.2514264615
60810,30222.1207331878,50264,50262.6114576544
60828,30232.5156615157,50290,50287.7636592563
60846,30243.2237234771,50316,50311.7021446234
60865,30254.3211307587,50341,50334.421027112
60885,30265.8840951497,50366,50355.9144200781
60905,30277.9888285446,50390,50376.1764368781
60926,30290.7084690001,50414,50395.2019461195
60949,30304.0936832909,50437,50412.9927444997
60972,30318.2099658295,50460,50429.5494237275
