13,11.6253034468327,2,2
18,6.58291876891846,2,7.30342087298549
22,2.55492950663475,2,12.0783219237288
26,-0.580959909623662,2,16.3592813093817
29,-2.94641483273068,2,20.179794925476
33,-4.66241653426833,2,23.572216829002
38,-6.02177255096214,2,26.5677856626385
48,-7.27126549914062,2,29.1966124113296
52,-8.45671506751742,2,31.4877104645831
65,-9.61567501651489,2,33.4689115346511
75,-10.7782234121711,2,35.1669724337855
80,-11.9694460213114,2,36.6076016051269
84,-13.2121998805281,2,37.8151347650498
91,-14.524865597665,2,38.8131411520094
101,-15.9121820596396,8,39.6236940008346
99,-17.1942996684535,15,40.2680414055639
106,-18.2291305155983,22,40.7662602227588
113,-19.069179455575,32,41.1370738509964
121,-19.763897612962,42,41.3984412104887
127,-20.3561689450428,54,41.5668249967082
132,-20.8806286176832,66,41.6578641289305
136,-21.3498803063025,78,41.6859452389794
151,-21.7710045600401,90,41.664365373852
159,-22.1503881657778,103,41.6052622949966
167,-22.4939023048753,116,41.5196840213232
175,-22.8070190186843,129,41.4176185295673
182,-23.0938687617423,144,41.3076911986271
190,-23.3575561473031,157,41.1977597056486
200,-23.5996420660475,165,41.0941864326329
216,-23.8232780359158,173,41.0025225593143
226,-24.0386884081296,181,40.9270560356058
231,-24.2558647532572,184,40.8710568608061
237,-24.4812571302597,187,40.8363168734574
241,-24.7198457137163,190,40.8194427994236
247,-24.9736922350921,193,40.8163446158049
252,-25.2432133166864,196,40.8263983127523
255,-25.5114340086147,201,40.8295264670716
260,-25.7650440164859,206,40.8095338269305
267,-26.0092845597314,211,40.7707521109438
278,-26.2488122509866,215,40.7168828377898
290,-26.4878893820858,220,40.6512450260285
306,-26.7297451516515,225,40.5763876121801
327,-26.9755153482756,229,40.4935276450984
360,-27.2258495199226,233,40.4034717283757
406,-27.4811989476625,237,40.3067903133729
461,-27.7417281400137,244,40.2039010242162
515,-28.0073831332088,251,40.0950776781861
574,-28.2779158171077,259,39.9804663699364
627,-28.5529192389224,267,39.8601022036401
686,-28.8319426333195,277,39.7339374040013
741,-29.1149571864637,285,39.6021262190987
796,-29.4034461366522,294,39.4656286109241
854,-29.6989731644825,304,39.3254303848011
908,-30.0026668766258,316,39.1822566950284
970,-30.3154072902483,329,39.0366852910646
1047,-30.6377469474928,343,38.8891028022856
1145,-30.9701356575586,361,38.7397826162421
1249,-31.3130263704509,379,38.5889763414746
1322,-31.6669197775547,400,38.4368570113293
1380,-32.0323408883747,424,38.2835548570039
1431,-32.4098149377071,447,38.129200109696
1520,-32.7998742920776,470,37.973901226682
1653,-33.2031168697174,498,37.8177148578059
1817,-33.6201666321487,526,37.6606935231876
1995,-34.0516672541565,555,37.5028832231048
2158,-34.4982705605124,586,37.3443056844114
2310,-34.9605481757351,619,37.184937831709
2483,-35.4390422485414,651,37.024735499613
2652,-35.934285934586,686,36.8636554315603
2816,-36.4468134184164,722,36.7016711744732
2937,-36.9771771397376,758,36.5387609719717
3033,-37.5259773045787,793,36.374916095395
3138,-38.0939073039065,829,36.2102008961585
3260,-38.6816838284838,863,36.0446790299661
3431,-39.2900282719816,896,35.8783866043522
3553,-39.9196672850291,932,35.7113459367591
3629,-40.5713368311057,967,35.54356369923
3640,-41.2457965118791,1001,35.3750373340785
3643,-41.9438253583735,1034,35.2057615245538
3661,-42.6662242299603,1068,35.0357280375853
3725,-43.4138440738349,1096,34.8649275321283
3784,-44.1875632376528,1127,34.6933505512692
3809,-44.9882713590005,1157,34.5209879658688
3805,-45.8169373671267,1182,34.347831115618
3829,-46.6745600041302,1205,34.1738712468506
3923,-47.5621263283983,1228,33.9991041272158
4036,-48.480732213312,1251,33.8235142241904
4171,-49.4315414445582,1273,33.6470758340437
4225,-50.4157191974938,1298,33.4697632530455
4263,-51.434432104347,1320,33.2915507774652
4941,-52.4887895896918,1336,33.1124121729132
5622,-53.5801139021052,1353,32.9323109552456
6167,-54.7098935067393,1374,32.7512060461512
6328,-55.8796189014763,1393,32.5690563673187
6286,-57.0907827176346,1415,32.385820840437
6246,-58.3448798238269,1435,32.2014583871949
6178,-59.6434074328898,1454,32.0159279292812
6086,-60.9879776001091,1474,31.8291845532276
5968,-62.3804241635535,1495,31.6411763513502
5838,-63.8225811414329,1516,31.4518517540069
5667,-65.3163072984309,1533,31.2611583597741
5491,-66.8636150207401,1549,31.0690394075445
5327,-68.4665739913762,1564,30.8754367881558
5184,-70.1272847149851,1574,30.6802918263501
4389,-71.8480412962909,1588,30.4835417612386
3548,-73.6312103320469,1597,30.2851223552272
2842,-75.4791132078215,1602,30.0849705240964
2566,-77.3943662631159,1607,29.8830163554543
2468,-79.3797867793923,1607,29.6791853695813
2346,-81.438198391826,1605,29.4734030867579
2248,-83.5724314005232,1601,29.2655950272643
2165,-85.7853376996154,1596,29.0556861033862
2068,-88.0802229409416,1589,28.8435919400354
1972,-90.4606099055094,1580,28.6292241265094
1894,-92.9300306062378,1571,28.4124942521053
1778,-95.4920267393453,1567,28.1933139061205
1713,-98.1501594753494,1561,27.9715941420166
1636,-100.908561229059,1553,27.7472350026224
1536,-103.771647789252,1545,27.520131561383
1492,-106.743848379475,1536,27.2901788917432
1483,-109.829606309838,1520,27.0572720671483
1442,-113.033391493388,1504,26.821305427408
1360,-116.360397135513,1489,26.5821600074261
1270,-119.816176565194,1472,26.3397109233977
1221,-123.406302678325,1455,26.0938332915178
1176,-127.136368872207,1438,25.8444022279815
1157,-131.012005439098,1420,25.5912924809181
1108,-135.039766518959,1402,25.3343623740527
1075,-139.22666780584,1382,25.0734623871264
1045,-143.579753492243,1354,24.80844299988
983,-148.106097594749,1323,24.5391546920544
946,-152.812823559011,1294,24.2654473430976
931,-157.708237868466,1264,23.9871512656449
930,-162.80124221767,1235,23.7040875893875
890,-168.100779716712,1209,23.4160774440165
841,-173.615836737902,1182,23.1229419592231
820,-179.355466111991,1157,22.8245011595784
816,-185.330240645249,1132,22.5205506540708
796,-191.551503624795,1108,22.2108749492066
783,-198.030658219585,1086,21.895258551492
777,-204.779169977547,1065,21.5734859674332
755,-211.808595211861,1042,21.2453407261375
732,-219.132450639001,1020,20.9105760849625
718,-226.765253050909,1001,20.5689311430294
710,-234.72160504493,983,20.2201449994595
688,-243.016198236571,966,19.863956753374
672,-251.663839474056,950,19.5001045650219
659,-260.681865813804,935,19.1282891847173
658,-270.08892124032,921,18.7481935969734
654,-279.903770834984,908,18.3595007863028
635,-290.145304548638,892,17.9618937372187
627,-300.832581335599,875,17.5550543227368
613,-311.987953379216,857,17.1386178959671
602,-323.635469063475,840,16.7121976619152
579,-335.799343862509,819,16.2754068255867
572,-348.503963987515,801,15.8278585919872
559,-361.773933630203,783,15.3691648119097
555,-375.638139301797,766,14.8988792998746
546,-390.127685711591,748,14.4165282068992
540,-405.27389991627,730,13.9216376840006
541,-421.108332999216,712,13.4137338821963
533,-437.662813452044,695,12.8923413346604
519,-454.974751702431,678,12.3569119768037
504,-473.084450895308,660,11.8068630635033
506,-492.032493476176,644,11.2416118496361
506,-511.859736883328,629,10.6605755900791
505,-532.607369418087,616,10.0631695976311
511,-554.323854974746,603,9.4487180871704
521,-577.061413796842,590,8.81650166729919
516,-600.872584181492,578,8.16580094661953
517,-625.810204590343,567,7.49589653373352
512,-651.927456395413,557,6.80606538429816
515,-679.286990016747,548,6.09546955168828
513,-707.956306416574,540,5.36321729177502
505,-738.00320534799,534,4.60841686042952
517,-769.495741692365,527,3.83017651352291
517,-802.502262137544,521,3.02760178874427
507,-837.103410569508,513,2.19965352558497
506,-873.386014389265,506,1.34522293349464
494,-911.437059399386,500,0.463201221922867
493,-951.343605316095,493,-0.447520399680733
486,-993.194142168499,485,-1.38806903981705
477,-1037.09187543265,481,-2.35974155366076
472,-1083.14587481422,475,-3.36390135117732
458,-1131.46502327333,472,-4.40191184233219
447,-1182.15754438271,469,-5.47513263762845
435,-1235.34172894043,466,-6.58503964979693
416,-1291.15125382412,462,-7.73328470160303
407,-1349.72005132988,459,-8.92152897936445
394,-1411.18112038059,455,-10.1514317574348
389,-1475.66767177268,451,-11.4246662132199
391,-1543.34023572752,449,-12.7432057964507
388,-1614.36661734417,448,-14.109111479002
383,-1688.91342250398,448,-15.5244442327491
381,-1767.14571397654,447,-16.9912630677196
379,-1849.23058979138,446,-18.5116699097585
388,-1935.37208095131,444,-20.0881564560667
385,-2025.78326059218,442,-21.7233183068789
391,-2120.67566876756,440,-23.4197510624299
384,-2220.25903188,438,-25.1800478574905
377,-2324.74577359745,438,-27.0068590507076
389,-2434.39782004888,436,-28.903334211165
390,-2549.48995113529,433,-30.8727551033304
387,-2670.29584601082,429,-32.9184034916715
381,-2797.08751337459,426,-35.0435536467844
380,-2930.12738609721,423,-37.2514070487082
367,-3069.76192603412,419,-39.5459792840144
364,-3216.36706042497,415,-41.9315663530921
355,-3370.31888831729,411,-44.4124642563304
354,-3531.99406571145,408,-46.9929689941184
338,-3701.77019849465,404,-49.6773765668452
326,-3880.03736378925,401,-52.4700976114951
320,-4067.28810886781,396,-55.376421238017
324,-4264.05580771211,394,-58.4019611563391
325,-4470.87553668822,391,-61.5523310763903
327,-4688.28427724162,386,-64.8331447080989
326,-4916.8540691235,383,-68.2503213896541
323,-5157.23282871568,381,-71.8104391734506
326,-5410.08492722708,381,-75.5201868367575
320,-5676.13401278817,380,-79.3867168052723
