307565,307564.999867768,26364,26364
307940,309278.425778564,26416,26422.0160406809
308327,310975.46206617,26468,26480.3722895448
308720,312655.185151857,26520,26539.0835192331
309126,314316.664126424,26571,26598.1643555976
309545,315962.202458699,26622,26657.6292655659
309973,317630.569270645,26674,26717.4927110262
310406,319331.27525365,26726,26777.7686494633
310842,321061.700776598,26779,26838.4709376539
311283,322819.213677075,26832,26899.6134323747
311731,324601.265456515,26886,26961.2099143325
312193,326406.557492858,26941,27023.2738074002
312670,328235.190189838,26997,27085.8183884657
313157,330087.360126117,27054,27148.8565926772
313639,331962.338694197,27112,27212.4013321406
314121,333857.082233864,27171,27276.46536949
314612,335748.887849043,27231,27341.0611520545
315118,337586.613343106,27292,27406.2010287159
315646,339323.207262781,27355,27471.8970090479
316191,340852.722965349,27419,27538.1608249554
316760,341940.712858855,27484,27605.0041975166
317323,342103.014155842,27549,27672.4385843209
317895,340480.417106311,27615,27740.475255596
318483,336010.799967554,27681,27809.1249995679
319078,328465.079201256,27748,27878.3984576785
319691,319745.224204055,27816,27948.3062421104
320329,312770.669648754,27885,28018.8585923842
320992,308816.286362711,27955,28090.0654930483
321689,307329.571351902,28026,28161.9366914435
322409,307317.380058102,28099,28234.4815677995
323140,308061.787474511,28175,28307.9135366968
323881,309164.319143643,28253,28382.7940518462
324622,310427.090963683,28333,28459.1521338333
325359,311756.52044114,28415,28536.983993239
326097,313108.993204439,28499,28616.285204149
326861,314464.299167352,28585,28697.0575065454
327642,315813.017397043,28673,28779.3234209092
328418,317150.804685101,28763,28863.1090193472
329202,318475.784134299,28855,28948.4383482291
329991,319787.242789196,28950,29035.3344850282
330779,321085.054519157,29048,29123.8063856865
331558,322369.393629629,29149,29213.8628489128
332349,323640.578800143,29252,29305.5242613856
333143,324899.030892463,29357,29398.8119823998
333936,326145.213190874,29464,29493.7476741005
334725,327379.643330643,29573,29590.3529850596
335528,328602.908975486,29683,29688.6363612969
336334,329815.654109756,29795,29788.592947831
337143,331018.523462346,29909,29890.2189388164
337948,332212.161420242,30025,29993.5110338436
338752,333397.215177508,30144,30098.4673767183
339551,334574.334261323,30265,30205.0865322011
340340,335744.179150548,30388,30313.366124031
341115,336907.418254661,30513,30423.3032237651
341874,338064.730538421,30639,30534.8939669808
342640,339216.798528144,30766,30648.1339906268
343390,340364.315132603,30893,30763.0186038954
344127,341507.972630111,31021,30879.541968092
344860,342648.460893779,31149,30997.6977486814
345588,343786.470929372,31278,31117.4795381329
346304,344922.704275038,31407,31238.8797613706
347021,346057.860519092,31536,31361.8898835885
347738,347192.635361896,31665,31486.5014182926
348463,348327.713242075,31794,31612.7061892297
349191,349463.778429192,31924,31740.4960915422
349930,350601.513525381,32053,31869.8632267031
350670,351741.599763809,32182,32000.7997137374
351428,352884.69977905,32312,32133.2978657925
352202,354031.472802339,32441,32267.3500284684
352969,355182.578285508,32570,32402.9483807825
353734,356338.670786344,32699,32540.0834381214
354516,357500.393965944,32828,32678.7449684031
355300,358668.383470234,32956,32818.9229914223
356090,359843.266482062,33084,32960.607900394
356898,361025.662886543,33212,33103.7903715866
357720,362216.194226984,33340,33248.4611998075
358554,363415.453523002,33468,33394.6120255898
359407,364624.023535953,33596,33542.2347671521
360283,365842.487025308,33725,33691.3213433282
361149,367071.42293575,33854,33841.8640724567
362036,368311.396275949,33984,33993.8559958623
362938,369562.958163869,34113,34147.2905248141
363890,370826.652892639,34243,34302.1614169889
364879,372103.010805516,34373,34458.4629517834
365930,373392.558428272,34504,34616.1896426673
367011,374695.816569944,34637,34775.3363676221
368112,376013.271817342,34771,34935.8994505962
369256,377345.406851957,34906,35097.8753722511
370447,378692.704288659,35043,35261.2606217144
371675,380055.639581942,35183,35426.0524034966
372952,381434.669535225,35326,35592.2489384277
374277,382830.237509428,35472,35759.8489122727
375645,384242.782280933,35621,35928.8513954241
377072,385672.723793699,35774,36099.2564113714
378545,387120.483518177,35929,36271.0639855886
380094,388586.464715973,36089,36444.2752245742
381681,390071.043574012,36251,36618.8924280506
383330,391574.595879141,36417,36794.9179115204
385025,393097.509893312,36587,36972.3534919108
386758,394640.218792115,36761,37151.1996008669
388541,396203.034385257,36938,37331.4622060126
390346,397786.247390771,37119,37513.148173528
392203,399390.148526688,37303,37696.2643695931
394139,401015.028511041,37491,37880.8176603878
396158,402661.178061862,37681,38066.8149120921
398223,404328.887897182,37874,38254.2629908861
400383,406018.448735035,38071,38443.1687629497
402559,407730.151293451,38271,38633.5390944628
404807,409464.304769844,38473,38825.3806434063
407106,411221.182713317,38679,39018.7028962974
409460,413000.965524064,38889,39213.5185593944
411888,414803.83101256,39103,39409.8404083063
414349,416629.956989279,39322,39607.6812186421
416839,418479.521264694,39545,39807.0537660108
419372,420352.701649279,39771,40007.9708260215
421953,422249.675953509,40001,40210.445174283
424594,424170.621987857,40234,40414.4895864044
427288,426115.718943759,40471,40620.1167952778
429980,428085.343899772,40712,40827.3338133035
432718,430079.694157453,40958,41036.1545771026
435406,432098.771490237,41209,41246.5993594046
438144,434142.577671561,41465,41458.688432939
440868,436211.114474862,41726,41672.4420704353
443580,438304.383673576,41990,41887.880544623
446275,440422.387041139,42257,42105.0241282316
448960,442565.126350989,42526,42323.8930939904
451650,444732.60337656,42797,42544.5077146292
454346,446924.819891291,43070,42766.8882628772
457028,449141.777668617,43345,42991.0550114641
459689,451383.478481975,43622,43217.0282331193
462310,453649.9241048,43899,43444.8282005723
464891,455941.116310531,44177,43674.4751865525
467448,458257.056872603,44454,43905.9894637896
469971,460597.747564452,44730,44139.3913050129
472505,462963.190159515,45004,44374.7009829519
474975,465353.408467713,45276,44611.938702541
477420,467768.458091642,45545,44851.1268310822
479858,470208.136374699,45811,45092.2921651485
482308,472672.204573895,46074,45335.4618877487
484720,475160.423946242,46334,45580.6631818917
487104,477672.555748751,46591,45827.9232305862
489444,480208.361238433,46846,46077.2692168409
491728,482767.601672301,47098,46328.7283236648
493982,485350.038307365,47347,46582.3277340664
496217,487955.432400636,47594,46838.0946310547
498431,490583.545209127,47837,47096.0561976384
500634,493234.137989848,48077,47356.2396168263
502798,495906.971999812,48314,47618.6720716272
504949,498601.808496029,48547,47883.3807450499
507117,501318.408735511,48777,48150.3928201031
509272,504056.53397527,49004,48419.7354797956
511421,506815.945472316,49228,48691.4359071363
513576,509596.404483661,49450,48965.5212851338
515748,512397.594700865,49669,49242.0204088745
517943,515219.028702179,49886,49520.9645801536
520172,518060.249431241,50100,49802.383746263
522419,520920.80070651,50311,50086.3078322234
524716,523800.226346447,50519,50372.7667630551
527078,526698.070169512,50726,50661.7904637786
529481,529613.875994165,50932,50953.4088594144
531956,532547.187638866,51137,51247.6518749829
534491,535497.548922075,51343,51544.5494355046
537031,538464.503662253,51548,51844.131466
539589,541447.59567786,51753,52146.4278914896
542194,544446.368787355,51958,52451.4686369938
544876,547460.350420835,52165,52759.2849648369
547616,550488.95057962,52374,53069.9084530522
550433,553531.532772014,52585,53383.3689946285
553300,556587.460466415,52799,53699.6964773228
556223,559656.097131221,53018,54018.9207888923
559206,562736.806234831,53240,54341.0718170938
562231,565828.951245643,53467,54666.1794496843
565286,568931.895632055,53697,54994.2735744209
568393,572045.002862465,53932,55325.3840790604
571563,575167.636405273,54170,55659.54085136
574775,578299.159728875,54411,55996.7737790765
578060,581438.93630167,54655,56337.1127499669
