576,526.933850239374,315,315
581,509.88786247874,322,315.087679807849
585,493.146780426713,328,315.169289884353
596,476.6103999513,323,315.24519842991
606,460.190294076776,331,315.31575921791
618,443.807534209578,331,315.38131438534
626,427.374923231135,340,315.442201124606
632,410.82123759904,350,315.498739163553
633,394.091148620053,353,315.551243391876
635,377.146685640187,348,315.600009954247
639,359.957641962144,351,315.645326506305
645,342.498654964372,358,315.687475364428
654,324.761715838177,377,315.726720714563
662,306.745106598011,379,315.763320251045
668,288.461598530956,386,315.797516918025
671,270.33671773321,396,315.829545554737
673,252.777899853726,394,315.859629361602
679,235.7789162484,395,315.887978286926
685,219.335635960452,404,315.914794711862
695,203.447799047869,407,315.940266267387
703,188.117157209872,418,315.964573209384
707,173.349777356192,429,315.987881043555
707,159.153087215114,435,316.0103497827
708,145.536956475382,442,316.032120694595
715,132.511975522253,446,316.053326557979
722,120.089095800467,479,316.074094812334
730,108.280189000646,495,316.094534766713
736,97.0970153013515,503,316.114749238551
742,86.5508479829954,513,316.134826295103
743,76.6471174409184,505,316.154851545261
744,67.3712052397036,513,316.174887858054
755,58.7037398534655,521,316.194984581514
765,50.6250891903051,555,316.21519106367
775,43.1156696496337,564,316.235637235698
784,36.1561626875383,593,316.256416533789
789,29.7269848364925,597,316.277506840558
782,23.8089227811841,611,316.29824633162
782,18.3823221314714,615,316.318006698282
794,13.4266064913984,619,316.336807136622
812,8.92070441161479,625,316.35465936804
824,4.84320456994906,652,316.371571515751
843,1.17224849029474,652,316.387546541182
852,-2.1144998668779,669,316.402582004284
851,-5.03964804149237,665,316.416672770941
856,-7.62565965445979,671,316.429810629613
870,-9.89434173583874,674,316.441985613558
883,-11.8667997511488,693,316.453186154026
902,-13.5634344785152,706,316.463399815673
920,-15.0040025651829,717,316.472613876869
935,-16.2074127122462,715,316.48081617958
943,-17.1921199250748,726,316.488002870835
953,-17.975680263449,741,316.494200634673
977,-18.5751885129117,752,316.499443302676
1000,-19.0067488700631,760,316.503763933051
1027,-19.2859172105755,746,316.507195288471
1055,-19.4274466209309,744,316.509769849302
1072,-19.4451504314953,752,316.51152010401
1083,-19.3522995290032,757,316.512478620988
1095,-19.1611051326932,763,316.512678320488
1119,-18.883255654584,805,316.512152359307
1150,-18.5294354585993,794,316.51093442476
1188,-18.1099524430649,795,316.509058419349
1218,-17.6339384726801,816,316.5065590392
1251,-17.1100064041447,811,316.50347133774
1263,-16.5464097290729,820,316.499830544756
1289,-15.9506250382498,821,316.495671951093
1325,-15.3292558031473,830,316.491029036731
1362,-14.6884485057455,848,316.485934371396
1408,-14.0340781194857,852,316.480419972972
1445,-13.3711424880522,868,316.474516021088
1472,-12.7043178901718,870,316.468251973336
1497,-12.0377470918069,889,316.461656041976
1519,-11.3751337828153,910,316.454755369307
1560,-10.7197871779477,929,316.447576040326
1606,-10.0745455837722,959,316.44014272729
1645,-9.44197069194616,982,316.432479220858
1687,-8.82425793858476,993,316.424608063264
1712,-8.22323633271503,1021,316.416550342806
1734,-7.64051135243483,1039,316.408326228114
1757,-7.07742897458807,1058,316.399954785264
1789,-6.53496644844781,1089,316.391453240983
1821,-6.0139265248167,1108,316.382837913342
1862,-5.51503463483999,1131,316.374124750136
1900,-5.03863813521831,1158,316.365327547308
1924,-4.58497271107046,1178,316.356459395149
1942,-4.15428454568594,1190,316.347533616733
1961,-3.74647064453441,1213,316.338560982512
1993,-3.36124316103044,1236,316.329550753844
2026,-2.99831444906517,1253,316.320512192084
2059,-2.65739705687378,1322,316.311454558588
2091,-2.33813108190191,1364,316.302386599628
2114,-2.03992507964611,1386,316.293314635611
2119,-1.76214458713745,1404,316.2842442891
2133,-1.50415534374652,1447,316.275181182655
2159,-1.2653182696533,1481,316.266130867476
2188,-1.04491840761366,1512,316.257097686799
2222,-0.842202117504228,1532,316.248085207056
2250,-0.656414544310049,1591,316.239096915185
2260,-0.486779151567695,1625,316.230135440105
2253,-0.332512767377454,1648,316.221203080277
2256,-0.192830247356204,1659,316.212301935912
2270,-0.0669525887265298,1697,316.203433452522
2290,0.0458922291256529,1764,316.194598880901
2316,0.146466353414719,1770,316.185799111337
2329,0.235523197138289,1788,316.177034750097
2338,0.313797306747805,1831,316.168306115059
2338,0.382007853850509,1841,316.159613343033
2338,0.440844921094769,1864,316.150956289159
2351,0.490986909847139,1861,316.142334695685
2372,0.533080424450877,1917,316.133748081954
2396,0.567749354372409,1919,316.125195835698
2418,0.595602338468311,1939,316.116677263482
2418,0.617200692221794,1949,316.108191481764
2407,0.633097910960596,1976,316.099737578043
2407,0.643820023658779,1992,316.091314554696
2425,0.649846062470249,1998,316.082921311224
2446,0.65165008760777,2025,316.07455673841
2478,0.649675531026516,1980,316.066219677414
2500,0.644331477145104,2011,316.057908930913
2498,0.636012071310284,2005,316.049623294245
2483,0.625074956764963,1979,316.041361543663
2475,0.611866361315985,1984,316.033122451497
2495,0.596695469708071,2030,316.024904806565
2507,0.57985789285851,2005,316.016707406817
2546,0.561626569434242,2018,316.008529065744
2562,0.542245445949027,1989,316.00036862083
2564,0.521949613722088,1961,315.992224921413
2553,0.500945264897243,1973,315.984096863859
2547,0.47942935468606,1955,315.975983359725
2564,0.457569785901877,1956,315.967883379757
2590,0.435521825351562,1941,315.95979592247
2626,0.413432975175506,1895,315.951720005408
2647,0.391426050847555,1894,315.943654711614
2648,0.369615741607552,1886,315.935599148199
2634,0.34809937652751,1884,315.927552477862
2631,0.326973919985076,1879,315.919513857653
2641,0.306310608067882,1879,315.911482544697
2663,0.286163047167476,1849,315.90345786925
2684,0.2665848440442,1804,315.895439161565
2703,0.247629605797152,1814,315.887425751897
2704,0.229340792115214,1813,315.879417016295
2692,0.21174338131486,1810,315.871412419682
2676,0.194862992922507,1816,315.863411424851
2677,0.178713828609761,1832,315.855413561898
2683,0.163304646810692,1828,315.847418395352
2694,0.148643986715528,1814,315.839425490533
2701,0.134733480169239,1841,315.831434458589
2693,0.121566814282972,1819,315.823444971821
2670,0.109137249361808,1833,315.815456706392
2648,0.0974366062774952,1879,315.807469345778
2629,0.0864497986680414,1851,315.799482640662
2624,0.0761597256576256,1838,315.791496368017
2635,0.0665492861449363,1833,315.783510304815
2629,0.057599976591383,1882,315.775524243028
2611,0.0492895007196152,1887,315.767538024754
2579,0.0415950680049397,1925,315.759551502163
2549,0.0344933812220714,1928,315.751564536729
2526,0.0279598942442531,1955,315.743577019032
2521,0.0219698534637115,1933,315.735588849036
2523,0.016498037152546,1978,315.727599946884
2517,0.0115190445372604,1984,315.719610242803
2492,0.00700749575701852,1983,315.711619680811
2460,0.00293824273184871,2005,315.703628218815
2433,-0.000713725224834571,2015,315.695635822622
2417,-0.00397298821727201,2019,315.68764246986
2395,-0.00686364398162758,2028,315.679648145745
2380,-0.00940921228156735,2008,315.671652844026
2364,-0.0116326574223125,2064,315.663656565554
2334,-0.0135562230450946,2039,315.65565931786
2293,-0.0152014266249717,2024,315.647661113887
2255,-0.0165891505202031,2020,315.639661971314
2220,-0.0177391007766654,2023,315.631661913819
2193,-0.018670460300971,2041,315.6236609672
2177,-0.0194017130391135,2035,315.615659159663
2149,-0.0199498538240904,2025,315.607656524351
2098,-0.0203317095001007,2020,315.599653095033
2049,-0.0205630982484415,1997,315.591648907767
1997,-0.0206583961820639,1991,315.583644000849
1957,-0.0206318853096629,1998,315.575638412701
1929,-0.0204969544855627,2002,315.567632182541
1907,-0.0202654435427576,1955,315.559625350389
1875,-0.019949059133653,1935,315.551617956308
1821,-0.0195589754545316,1924,315.543610040387
1764,-0.0191047571041749,1903,315.535601642036
1705,-0.0185956911635167,1897,315.527592800471
1656,-0.0180407937771799,1879,315.519583554728
1614,-0.0174476999934264,1881,315.511573942189
1585,-0.0168236252470623,1846,315.503563999583
1545,-0.0161755844782342,1812,315.495553763408
1489,-0.0155094310072416,1796,315.487543267973
1429,-0.0148306378369701,1741,315.479532546728
1362,-0.0141446563223532,1712,315.471521633231
1312,-0.0134557626287114,1675,315.463510557882
1264,-0.0127676669726329,1635,315.455499349398
1228,-0.0120840795696533,1596,315.447488036493
1188,-0.0114086624092297,1524,315.439476647861
1134,-0.0107441498687442,1485,315.43146520903
1078,-0.0100926073762177,1442,315.423453742783
1025,-0.00945609027815751,1400,315.415442271852
975,-0.00883665531077298,1390,315.407430818984
935,-0.00823614490583557,1327,315.399419406226
910,-0.00765553773249203,1284,315.391408051306
882,-0.00709562396582217,1259,315.38339677085
839,-0.00655719378085245,1235,315.375385581481
797,-0.00604103717567641,1208,315.367374499833
757,-0.00554774893065192,1182,315.359363541632
724,-0.00507737898481761,1172,315.351352718894
693,-0.00462988387888036,1126,315.343342042818
673,-0.0042052201537172,1108,315.3353315246
657,-0.00380334294726127,1074,315.327321175432
636,-0.0034240436194302,1043,315.31931100534
605,-0.00306686681209877,1013,315.311301021979
575,-0.00273134688777562,996,315.303291232737
554,-0.00241701498203795,987,315.295281644994
534,-0.00212330815593924,950,315.287272265247
525,-0.00184956281984844,905,315.27926309841
516,-0.00159511112947969,859,315.271254149246
503,-0.00135928143232346,829,315.263245422521
481,-0.00114135103140189,810,315.255236922082
463,-0.00094056106195756,824,315.247228650541
447,-0.000756151915907947,814,315.239220610446
435,-0.000587363966999853,776,315.231212804345
428,-0.000433432749361959,749,315.223205234426
417,-0.000293597386833249,732,315.215197901865
403,-0.000167101933825905,700,315.207190807667
389,-5.31904821144036e-05,665,315.199183952823
381,4.88767127644162e-05,655,315.191177337925
371,0.000139810663212445,640,315.1831709631
362,0.000220319963601319,647,315.175164828451
358,0.000291098821457365,654,315.16715893392
354,0.000352796492102929,625,315.159153279057
346,0.00040605507868534,621,315.151147863359
338,0.00045150844374825,595,315.143142686267
333,0.000489736138892166,591,315.135137746966
329,0.000521301176898065,594,315.127133044569
328,0.000546762131216291,593,315.119128578164
328,0.000566631154054399,585,315.111124346691
328,0.000581393453097788,562,315.103120349048
321,0.000591528896020466,539,315.095116584122
313,0.000597471648360598,519,315.087113050726
309,0.000599634004998271,516,315.079109747644
308,0.000598418946288094,509,315.071106673651
309,0.00059418669502561,501,315.063103827516
310,0.000587284814029107,480,315.055101208011
311,0.000578037501339121,470,315.047098813907
306,0.000566739222445775,463,315.039096643991
301,0.000553674740905936,450,315.031094697053
298,0.000539098299980824,441,315.023092971921
297,0.000523257023834648,440,315.015091467429
297,0.000506363493557411,422,315.007090182465
299,0.000488612788518406,408,314.999089115951
299,0.000470199546951162,392,314.991088266808
296,0.000451295576427007,383,314.983087634008
293,0.000432042806902618,371,314.975087216596
293,0.000412581317808352,376,314.967087013625
296,0.000393051531376085,378,314.959087024138
298,0.000373557941522651,367,314.951087247296
304,0.000354186735207187,370,314.943087682327
309,0.000335024099389519,354,314.935088328457
310,0.000316156221030142,350,314.927089184915
309,0.000297663709147958,335,314.919090250942
308,0.000279596859857129,331,314.911091525913
313,0.000261996390761709,326,314.903093009253
323,0.000244903019465987,319,314.895094700386
337,0.000228357463574463,310,314.887096598736
349,0.000212403545422649,303,314.879098703692
355,0.000197060634046252,299,314.871101014789
358,0.000182332767100139,293,314.863103531673
365,0.000168223982239087,291,314.85510625399
377,0.000154738317117777,290,314.847109181386
392,0.000141879809390794,285,314.839112313507
408,0.000129652496712621,280,314.831115649997
422,0.00011806041673764,278,314.823119190505
431,0.00010709882656575,269,314.815122934743
435,9.67520905341782e-05,271,314.807126882519
447,8.70079071530943e-05,265,314.799131033617
464,7.78566819646676e-05,269,314.791135387734
481,6.92837406823479e-05,272,314.783139944657
498,6.12691620729726e-05,270,314.775144704307
515,5.37930249032144e-05,257,314.767149666602
526,4.68354079395924e-05,264,314.759154831463
534,4.03763899484832e-05,263,314.751160198807
542,3.43960496961313e-05,267,314.743165768554
556,2.88744659486588e-05,268,314.735171540624
575,2.37917174720758e-05,264,314.727177514936
597,1.91278830322888e-05,266,314.719183691408
613,1.486304139511e-05,259,314.711190069962
627,1.09772713262654e-05,255,314.703196650514
634,7.4491519228741e-06,244,314.695203433
648,4.25438437465835e-06,253,314.687210417433
664,1.37524235890995e-06,254,314.679217603826
681,-1.20540247946237e-06,258,314.671224992187
698,-3.5046784955968e-06,265,314.663232582527
711,-5.53971404467332e-06,269,314.655240374856
721,-7.32763748190885e-06,273,314.647248369182
726,-8.8855771625528e-06,277,314.639256565516
735,-1.02306614418828e-05,277,314.631264963867
747,-1.13800186752007e-05,280,314.623273564244
759,-1.2350791212049e-05,283,314.615282366658
773,-1.31607459607119e-05,296,314.607291371132
782,-1.3822429453409e-05,304,314.5993005777
786,-1.43459839428065e-05,300,314.591309986391
786,-1.47415516815787e-05,303,314.583319597232
791,-1.50192749224071e-05,311,314.575329410252
798,-1.51892959179787e-05,312,314.567339425479
807,-1.52617569209852e-05,319,314.559349642942
816,-1.52468001841219e-05,302,314.551360062668
821,-1.51545679600863e-05,309,314.543370684685
824,-1.49952025015778e-05,318,314.535381509023
823,-1.47788461654686e-05,323,314.527392535709
823,-1.45159435748695e-05,322,314.519403764779
828,-1.4212808236534e-05,331,314.511415196265
831,-1.38734553373102e-05,347,314.503426830186
836,-1.35019000640462e-05,356,314.495438666563
837,-1.31021576035897e-05,360,314.487450705415
834,-1.26782431427881e-05,367,314.479462946764
828,-1.22341718684882e-05,377,314.47147539063
825,-1.17739589675362e-05,372,314.463488037034
821,-1.13016196267778e-05,380,314.455500885994
818,-1.08211690330578e-05,398,314.447513937532
818,-1.03366223732204e-05,393,314.439527191669
817,-9.85199483410884e-06,396,314.431540648424
811,-9.37130160256563e-06,409,314.423554307817
799,-8.8984914168598e-06,404,314.415568169875
786,-8.43545035327708e-06,398,314.407582234616
776,-7.98256462817868e-06,403,314.399596502046
769,-7.54020274628569e-06,407,314.39161097217
766,-7.10873321231917e-06,425,314.383625644993
758,-6.68852453100012e-06,428,314.37564052052
744,-6.27994520704955e-06,433,314.367655598755
728,-5.88336374518841e-06,433,314.359670879703
714,-5.49914865013767e-06,427,314.351686363369
703,-5.12766842661827e-06,435,314.343702049759
695,-4.76929157935114e-06,424,314.335717938876
691,-4.42438661305722e-06,420,314.327734030726
679,-4.09332203245744e-06,426,314.319750325313
662,-3.77646634227274e-06,419,314.311766822642
644,-3.47418804722409e-06,418,314.303783522719
633,-3.18685565203245e-06,415,314.295800425548
622,-2.91483766141883e-06,415,314.287817531133
615,-2.65850258010425e-06,402,314.279834839481
614,-2.41749879878921e-06,413,314.271852350592
613,-2.1904501643844e-06,395,314.263870064465
601,-1.976892364577e-06,388,314.255887981094
585,-1.7763830838465e-06,375,314.247906100475
574,-1.58848000667247e-06,371,314.239924422605
575,-1.41274081753458e-06,384,314.231942947478
582,-1.24872320091257e-06,374,314.223961675091
599,-1.09598484128625e-06,373,314.215980605439
605,-9.54083423135497e-07,365,314.207999738519
609,-8.22576630940268e-07,363,314.200019074325
614,-7.01022149180561e-07,348,314.192038612855
627,-5.88977662336436e-07,342,314.184058354103
661,-4.86000854887999e-07,333,314.176078298065
703,-3.91649411315402e-07,336,314.168098444737
750,-3.05481016098839e-07,332,314.160118794116
796,-2.2705335371854e-07,325,314.152139346196
838,-1.5592410865477e-07,323,314.144160100974
869,-9.16509653878214e-08,319,314.136181058445
916,-3.37916083980182e-08,317,314.128202218605
1002,1.80962778342985e-08,315,314.12022358145
1119,6.51985079013406e-08,292,314.112245146972
1221,1.0848826455245e-07,294,314.104266915164
1315,1.48088915542946e-07,275,314.096288886018
1419,1.84123828628143e-07,273,314.088311059531
1513,2.16716371563346e-07,268,314.080333435695
1625,2.45989912103859e-07,257,314.072356014505
1787,2.72067818004979e-07,264,314.064378795955
1988,2.95073457021997e-07,264,314.05640178004
2210,3.15130196910202e-07,253,314.048424966754
2405,3.32361405424879e-07,248,314.040448356091
2596,3.46890450321309e-07,244,314.032471948045
2755,3.58840699354768e-07,244,314.02449574261
2967,3.68335520280534e-07,235,314.016519739781
3213,3.75498280853878e-07,235,314.008543939552
3455,3.80452348830071e-07,227,314.000568341918
3700,3.83321091964382e-07,221,313.992592946872
3934,3.84227878012079e-07,221,313.984617754408
4148,3.83296074728427e-07,210,313.976642764522
4298,3.80649049868692e-07,208,313.968667977207
4502,3.76410171188137e-07,207,313.960693392457
4727,3.70702806442026e-07,201,313.952719010267
4988,3.63650323385623e-07,198,313.944744830631
5186,3.5537608977419e-07,200,313.936770853543
5406,3.4600347336299e-07,193,313.928797078998
5576,3.35655841907286e-07,183,313.920823506989
5705,3.24456563162341e-07,181,313.912850137512
5868,3.12529004883419e-07,182,313.904876970559
6061,2.99996534825784e-07,189,313.896904006126
6240,2.86982520744698e-07,182,313.888931244207
6417,2.73610330395429e-07,196,313.880958684795
6559,2.60003331533241e-07,197,313.872986327886
6676,2.46284891913401e-07,196,313.865014173473
6773,2.32578379291175e-07,195,313.857042221551
6878,2.19007161421831e-07,201,313.849070472113
7008,2.05694606060638e-07,209,313.841098925155
7152,1.92764080962864e-07,218,313.83312758067
7273,1.8033895388378e-07,217,313.825156438653
7384,1.68520962904776e-07,218,313.817185499098
7473,1.57257033321156e-07,217,313.809214762001
7530,1.46518775973158e-07,230,313.801244227356
7620,1.36292100436927e-07,229,313.793273895158
7728,1.26562916288609e-07,249,313.785303765402
7846,1.17317133104349e-07,276,313.777333838083
7939,1.08540660460291e-07,283,313.769364113196
8024,1.0021940793258e-07,294,313.761394590735
8073,9.23392850973605e-08,318,313.753425270695
8113,8.48862015307775e-08,332,313.745456153071
8165,7.78460668089753e-08,353,313.737487237858
8228,7.1204790508098e-08,365,313.72951852505
8307,6.49482822042901e-08,379,313.721550014642
8367,5.90624514736955e-08,406,313.713581706629
8403,5.35332078924584e-08,434,313.705613601007
8413,4.83464610367228e-08,447,313.697645697768
8399,4.34881204826326e-08,439,313.68967799691
8408,3.89440958063318e-08,462,313.681710498425
8434,3.4700296583964e-08,474,313.673743202309
8454,3.0742632391673e-08,491,313.665776108557
8475,2.70570128056027e-08,514,313.657809217163
8468,2.36293474018965e-08,515,313.649842528123
8412,2.04455457566983e-08,535,313.64187604143
8310,1.74915174461514e-08,531,313.633909757081
8255,1.47531720463996e-08,545,313.625943675068
8203,1.22164191335862e-08,545,313.617977795389
8135,9.86716828385491e-09,552,313.610012118036
8074,7.69132907334902e-09,553,313.602046643005
7991,5.67481107821214e-09,556,313.594081370291
7849,3.8035238745876e-09,556,313.586116299889
7662,2.06337703861872e-09,555,313.578151431792
7469,4.41165430290943e-10,551,313.570186765997
7307,-1.05599589285712e-09,566,313.562222302498
7144,-2.42605427520395e-09,551,313.55425804129
7010,-3.67358636487526e-09,550,313.546293982368
6820,-4.8031688099968e-09,544,313.538330125727
6590,-5.81937825869432e-09,531,313.530366471361
6354,-6.72679135909358e-09,525,313.522403019267
6130,-7.52998475932034e-09,529,313.514439769438
5926,-8.23353510750037e-09,522,313.506476721869
5731,-8.84201905175942e-09,515,313.498513876556
5603,-9.36001324022329e-09,499,313.490551233493
5416,-9.79209432101774e-09,493,313.482588792675
5202,-1.01428389422686e-08,478,313.474626554097
4949,-1.04168237521015e-08,461,313.466664517754
4765,-1.06186253986424e-08,458,313.45870268364
4563,-1.07528205300171e-08,448,313.450741051752
4411,-1.08239857943512e-08,431,313.442779622082
4297,-1.08366978397707e-08,427,313.434818394628
4142,-1.07955333144012e-08,411,313.426857369382
3956,-1.07050688663687e-08,385,313.418896546341
3781,-1.05698811437988e-08,375,313.410935925498
3622,-1.03945467948174e-08,376,313.40297550685
3500,-1.01836424675503e-08,370,313.39501529039
3399,-9.94174481012328e-09,354,313.387055276114
3319,-9.67343047066212e-09,353,313.379095464017
3222,-9.38327609729261e-09,345,313.371135854093
3097,-9.07585833814055e-09,344,313.363176446338
2962,-8.75575384133176e-09,334,313.355217240745
2854,-8.427539254992e-09,336,313.347258237311
2756,-8.09579122724708e-09,328,313.33929943603
2678,-7.76508640622276e-09,324,313.331340836897
2633,-7.44000144004489e-09,304,313.323382439906
