0.003403111946897
0.001
636862.792222222
4.42435484507514
10.4454317277415
7.00001495763654
144.537521286099
35.1345938187754
31.8369878976602
0.0025076369460642
0.00172759869693721
0.0219947503029051
2.5066768836243e-05
0.0035077307287012
1.41242020504285e-05
0.0770445700517141
0.000809633611778428
0.00172082798853109
0.0012266989216142
0.00217258436341813
0.00398435025918059
0.00156387158668068
0.00328997383046717
0.00176802822658221
0.00118668471292617
0.0510045215485171
0.000547285192194468
0.00209093444847948
0.0637318627528616
0.00196070307112745
0.00325441770700337
0.0033862642264188
0.00342401232675743
0.00226543766584353
0.00365365076395313
0.0557222167484135
0.00136485617325196
0.00153367366915438
0.0555863056433046
0.00519375644510978
0.00428285410995873
0.00405664957921583
0.00319375641255551
0.00426510273105718
0.0208224553780412
0.00097122396331741
0.00224634836341205
0.00372878530796828
0.00381680243344949
0.0139410154223591
0.0128429027308852
0.0331029596376233
0.00558532671915733
0.0104264525667964
0.0306049937903926
0.127087516168697
0.00781383164867736
0.0143439705438819
0.00993501424950133
1.00030858187255e-05
1.07220867012173e-05
0.0037015664441841
0.00425851178275739
0.00510332498469385
0.029287628554747
0.00087804693774925
0.00504865006448642
0.00906014689807731
0.0107188212372626
