0.003403111946897
0.001
636862.792222222
4.5455509147646
10.9447922076547
7.0961312192867
144.757092677128
34.6197702294905
32.0068295379391
0.00224617496918734
0.00162441515172518
0.0223813971452306
2.20821832118364e-05
0.00331615807374582
1.03630718168984e-05
0.0590741720527171
0.000631595863914761
0.00145815957885141
0.00107538192759237
0.00214354664819085
0.00395927447026509
0.0015039583955573
0.00327494698107201
0.00187581885037742
0.00128272172001204
0.00584662269816306
0.00100777503622351
0.00177508409098797
0.00432285022083527
0.00193267775284574
0.00318862776705117
0.00342329402012014
0.00330844123683957
0.00256753719208939
0.00127852312658759
0.0136530486230267
0.00242648773722385
0.00114838718248714
0.00588897620912282
0.00515325661376484
0.00430128625619984
0.00367172415842805
0.00339383936023092
0.00357100295535151
0.0068270102757883
0.00128297568675575
0.00243128616339993
0.00371596797673579
0.00383950962890631
0.0135297765976772
0.0128753641377736
0.0329573712571371
0.00609620506023481
0.00866187891943362
0.0142979882536809
0.0993474407361844
0.00745560442324532
0.0140311772705038
0.00955399247414239
1.00125309760978e-05
1.63611521460889e-05
0.00315114127245277
0.00453687604665278
0.00414729133953644
0.00931267238104954
0.00120353774188456
0.00560837666373864
0.00898389683207732
0.010834693129279
