0.710175727827394
0.001
362189.563333333
4.99776830431181
14.0022363901188
7.00131370648969
50.5028120661371
35.0130314140056
31.9811425580118
0.000845116647583079
0.00076886194035674
1.66882518612125e-05
0.00130027837804783
0.000299574536357091
0.00832341170205366
0.00162432976846309
0.00214356383079539
0.0005013496353849
0.00215144198913107
0.000364320108050351
0.00422275060005821
0.00169159467202957
3.29891746846099e-05
2.69267491320344e-05
0.00344770899456156
0.00331773937718722
0.00552566457245883
0.00360847307258583
0.00340379365975963
0.00632565337043754
0.0112786032616772
0.0134912401273013
0.00692861511991382
0.00758503841455466
0.00498079425408144
4.13892749538198e-05
0.000961935362905759
0.00419020438742571
0.00417039450507226
