0.003403111946897
0.001
362189.563333333
4.34828226405365
13.4394128890599
7.88525293976408
150.92892795753
26.1106097314503
32.552021191385
0.00168476963932242
0.000850641172588028
1.03035631210075e-05
8.28954764087399e-05
0.00180929557955219
0.00134105154446451
0.00185930433115721
0.000707481734606175
0.000530175846690524
0.00331969758254621
0.00132003094076051
0.00202546291265685
0.00035732973003745
0.00189111866420747
0.00395756167731696
0.00215213875399036
0.00484638996116858
0.00491730226101238
0.0239284174263226
0.000643499978385248
0.00559518160365179
0.00723082586605004
0.011690995165064
0.0309129535014348
0.00402039342051967
0.00114881087937861
0.00751159250814759
0.00141312092899674
0.0346787876705837
1.00150496853023e-05
