0.003403111946897
0.001
636862.792222222
3.73448852383628
11.0802186496743
11.6422114553399
149.917787771468
53.283164033231
31.4753419110085
0.00977440964993176
7.04593267596894e-05
0.0716273587896721
0.00882982286303805
0.00113459175845303
0.00137884940225143
0.00115294315731966
0.0767556902874209
1.00223119699827e-05
0.000206633092109069
0.00281501594378371
0.00726018117995653
0.0769327127185952
0.00146848040240292
0.00084746296926666
0.000682109153358471
0.0432664776761053
0.000178875292088753
0.000161180824539822
0.00186338432914238
0.014132687822523
0.0577394191406362
0.116927188668422
0.0212642991676046
0.00667296000614496
1.32398097821927e-05
0.0597736984068103
7.98718203771277e-05
0.000101855674843359
0.00463552591882033
