0.003403111946897
0.001
24856.4433333333
5
14
7
150
35
32
0.001197693705559
0.001197693705559
0.001197693705559
0.001197693705559
0.001197693705559
0.000621007213593
0.000621007213593
0.000621007213593
0.000621007213593
0.000621007213593
0.000284389982224
0.000284389982224
0.000284389982224
0.000284389982224
0.000284389982224
0.003403111946897
0.003403111946897
0.003403111946897
0.003403111946897
0.003403111946897
0.005292324185371
0.005292324185371
0.005292324185371
0.005292324185371
0.005292324185371
0.000348566269875
0.000348566269875
0.000348566269875
0.000348566269875
0.000348566269875
