0.311226611983893
0.00328370739112873
1226.94290756133
4.46246431492674
8.68592583680023
15.0048735719289
208.373988276958
14.0000010520144
20.8276854292029
0.0253283228842249
0.0516674285778102
1.00540240224767e-05
0.0195715586102481
0.0148294167725121
0.101716615308301
0.0123177168985509
0.00915463603407917
0.0130822189431645
0.0272143974763951
0.0139238707284273
1.02324235769821e-05
0.0715713689963736
0.143075965702915
0.166337961182262
0.0181886043894166
0.0284707579906989
0.0144075191942572
