0.49876768837602
0.00459688380469302
1051.23561301296
4.8785975476348
13.9746065985308
7.03093314392394
210.115127059577
34.2153867269067
30.9035603651615
0.0336238767478218
0.0388830527220931
0.0387414781398677
0.0302550560199322
0.0401455293107166
0.0381256406186654
0.0517267012195125
0.0450568210147879
0.00233561339980602
0.0339585696691386
0.0287077940700736
0.0315274387664661
0.0306556273577218
0.0406732970981866
0.0545791351324506
0.0569330538493221
0.0534751861388609
0.0496311641441956
0.0256098827675884
0.0492121346832729
0.0127449865924013
0.0256679206763368
0.0218246576816522
0.0204004193914218
0.020929315635805
0.0191643490806964
0.0168993168196662
0.0118412222566265
0.0123650380698175
0.0229671348127734
0.0187839343107714
0.0197070727383543
0.0174564420504544
0.021273223798456
0.0225690977498215
0.0205823263512196
0.0170871806853213
0.00802545260075044
0.0144721824382532
0.000530032110944775
0.013284792915683
0.013667230770053
0.0152584447558373
0.0164531627790499
0.00652322386425213
0.00422852969394568
0.0105554014200732
0.0258026690322733
0.0313580859831336
0.0124800054660871
0.0125958849437461
0.00967666791289888
0.0121028111598653
0.0109216670403514
0.0113661378946915
0.0108681069446896
0.00942835804871146
0.0119360934049799
0.00579715174539833
0.0450431817327482
0.0156445295133091
0.0178560283908741
0.0122821494833387
0.0296000488712497
0.0169542117164668
0.0250458918558043
0.0237772468070032
0.0138470244387972
0.00814964363416985
0.00718263628363905
0.0138826802208267
0.0284231118696627
0.024910619974194
0.0215233857354055
0.0211910443825118
0.00753459056083218
0.00470426673368281
0.00403891944047983
0.00279400923767201
0.00365693225028709
0.162474244436547
0.069248928460848
0.0718159149296288
0.103912267225256
0.0817244706909798
0.0810259128500709
0.0456383888004863
0.0872267179800245
0.0971683537386452
0.0884368713998955
0.0856083530089645
0.0837376397229447
0.0832112154645528
0.0807549242970449
0.0776555807886089
0.0795871482428274
0.0838618002721684
0.0783182125230046
0.0803205275124031
0.080685487266432
0.0800450203417521
0.0194034951540968
0.000323997968126641
0.00446910716180563
0.00325120690232321
0.00224756947601372
0.00267163345789909
0.00370402977858818
0.00189989782853123
0.00525592091348663
0.00298918888979539
0.00199896950407402
0.000691710318540753
0.0024976095849614
0.0252279376111996
0.0104722278884099
0.0152996650557826
0.0215010882157247
0.0122730742971066
0.00707641359348171
