0.0409556485282757
0.00339582358249145
53.0534336311886
5.00205410017389
14.1747320372254
7.25198794921459
210.187960084607
48.2089219965532
32.1698688763906
0.0807156745842469
0.114372887145383
0.0846224134676386
0.014474033835357
2.25510962682956e-05
0.171043067902817
0.00214071957797754
0.00529201290646114
0.10746113672887
2.16940026886894e-05
0.118231967845918
0.00553651352035802
0.070363103553337
0.0731739894766188
0.00910009937002347
1.01573223761418e-05
0.150801813454187
0.0143002673281809
