0.590624741757844
0.000726014242591567
10849.1969447634
5.81775740419688
13.4132766549552
7.00004772521673
210.107797226338
22.6505204623259
41.9999687221772
0.033434758839273
0.025789656811001
0.121027252404963
0.0296791711714702
0.000179839679305439
0.0686138964579487
0.0152595613217567
0.00152616839846452
0.0493513696702551
0.00283010508970647
0.00365868522195204
0.00720567077183403
0.0656354805714321
0.0661291610332657
0.260880008547964
0.00939602977316114
0.0262585210378097
0.057589858555169
