0.501685747698125
0.000869630359283755
80842.3178456868
4.99933838300151
13.9977522291935
7.00169356436619
210.00001531568
34.9974484601526
32.0016270188738
0.0455291494567322
0.0309119200303235
0.0344838788075158
0.0310997722589431
0.0368518537467864
0.0417635793513629
0.0399618759535553
0.025531291595621
0.0309118282187975
0.0429326631799974
0.0207019923787755
0.0232719057652658
0.0290442121778816
0.0174979918695436
0.0167870389234134
0.0162144780407869
0.0181358957077836
0.0211042099231289
0.00604960485903015
8.20452809079324e-05
0.000417547301594621
0.0110862787690056
0.0138223528829241
0.0160086557233439
0.0159192293922577
0.0161540941654653
0.0173431665989926
0.0184362991463805
0.0134923961939513
0.0110749010335767
0.00790572358613967
0.00548353997407089
0.00688830705802609
0.00417918825404375
0.00401936682979384
0.00437099336561292
0.00482786292012531
0.00440323562674764
0.00382665421715967
0.00393792588346676
0.081064328792747
0.116981664370201
0.0917844802163414
0.0936078266036247
0.0995294854655071
0.101090416408996
0.0920485234224805
0.0591874066463977
0.0579357113652026
0.0807734731756618
0.00461518456570005
0.00526069568977595
0.00576276768780174
0.00898420301434145
0.0125959733107035
0.0129082845806681
0.0138065244189146
0.0145695188922072
0.0168929076558014
0.00805360759622303
