0.315022580737193
0.00334086181400254
1223.69161998285
5.46978443058443
9.80654874542559
14.0290298301692
204.984468955275
14.0002648581864
20.5884957688204
0.0155344525285125
0.0932943603986262
2.20574757103042e-05
0.0176839091141242
0.00928525466769151
0.0951247656861896
0.0146086963664876
0.00943061831146335
0.0246595889311753
0.0279412779090285
0.0144337660942469
1.07889252867482e-05
0.0657637803266154
0.146360632358725
0.103496171925894
0.0188106546551672
0.0300213494716271
0.0144449856827104
