0.5
0.001
419106.762857143
5.00000474312102
14.0000143772786
7.00002831856578
189.999975761425
34.9999633653211
32.0000174049907
0.0126966668303443
0.0140060430861414
0.0146744578368586
0.0150679701595091
0.015314518499006
0.0154317176797276
0.0152785486383171
0.0149371585284228
0.0143551571283362
0.013432120536082
0.0127107524333799
0.0123959295551913
0.0124054423294225
0.0125310477031042
0.0125603393760817
0.0123233759809871
0.0114826340405361
0.00981985929339224
0.00290433877019599
1.02365705042699e-05
0.00194036066098447
0.00194115676922084
0.00194110537927192
0.001940997616834
0.00194120365857243
0.00194145987283223
0.00194168118962624
0.00194177258436371
0.0019416988356829
0.00194145848501055
0.00194106143412845
0.00194048753713904
0.00194010362982927
0.00193890891767783
0.00193680993318493
0.00193851249787977
0.00193997024400518
0.001939895508814
0.00194001532225827
0.00194015350184462
0.00740126665013254
0.00625672356665981
0.00547556315171614
0.00493466994500478
0.00455295148168928
0.00427382990069609
0.00403616458344131
0.00382057833792939
0.00362444980625087
0.0034057368785742
0.00323181826664518
0.00315663926295597
0.00317539087924698
0.00323110442286205
0.0032960363184427
0.00330146664636968
0.003250273112716
0.0029491080708399
0.00160662569498091
0.000280174638255424
0.00285336240413456
0.00235224591656554
0.00198096479366534
0.00174753375917704
0.00158332099734031
0.00143729636641834
0.00133787667962603
0.00127937115358488
0.00126310253380337
0.00128631535797777
0.001351859444528
0.00141523164746654
0.00149916046165738
0.00145754574935202
0.00138078993591988
0.00128959100451542
0.00120212186873031
0.00111870321948733
0.00113376251767746
0.00117044812555964
0.020732077873939
0.0215923980839325
0.0220541033524643
0.0222003508030868
0.0222469267247616
0.022150974723827
0.021931435147588
0.0215936846111535
0.0211506984791334
0.0205846643057504
0.0201133457969681
0.0197710815223031
0.0195883472088855
0.0192854177024604
0.0189917989405203
0.018487360452773
0.0178652330976656
0.0178668008586345
0.0160517279918013
0.0211210573512612
0.00125074795356732
0.00125135605421478
0.00125153856495828
0.00125138169563419
0.00125156469592529
0.00125138829907913
0.00125173748944315
0.00125104796322998
0.00125255124338207
0.00124921306600208
0.00125615680368851
0.00124057417523205
0.00127110305761037
0.00123705133464755
0.00124291643732846
0.00124595299545942
0.00124100054390686
0.00121968541717845
0.0012695894161261
0.00123371815894339
