0.507690640745141
0.000532686328371012
24868.5230253278
5.00004092910321
14.0003567580625
7.00028414909154
210.000027094779
34.9973796026071
32.0033569705324
0.0396548776976661
0.0261620278838088
0.0294140773932268
0.0329304183880474
0.0366180984988858
0.0399527933140165
0.0384990533155318
0.0534832107983911
0.042473473886149
0.0370798493037979
0.0266094002221799
0.0305441343708348
0.02526552097303
0.0132815760085859
0.00642013401594041
0.00842893365411402
0.0212073176276978
0.013541712293031
0.00689142122156723
0.000752657850798313
0.000438466511012072
0.0160586310015482
0.0179722222359447
0.0221869491356702
0.0263182189859921
0.0207786840755924
0.0170013215159772
0.025334022697783
0.0269481787498954
0.0276673843656684
0.00406222443276013
0.00403370384155559
0.00524918281968034
0.00469320931227951
0.00443344876709589
0.00399568980828616
0.00596907237627738
0.00437586489426729
0.00383266496888703
0.00397166065764959
0.0820932008475214
0.0947675470328289
0.0829247978575103
0.0812318355222846
0.0816865060209232
0.104721424797755
0.083446413092069
0.0759705767218058
0.055796573757761
0.0421288108896728
0.00749915907024303
0.011440102094581
0.010011826343509
0.0100692869841464
0.00977050919152409
0.00767769222086251
0.00756181958700807
0.0111798576181088
0.0127128249828122
0.00486296419721455
