0.5
0.001
2159.01735357918
4.99989166364441
14.0013940858618
7.00629901821508
210.001267908563
34.9577829080966
32.065470070067
0.00993155863200629
0.00883236080003737
0.0167244480568096
0.024522474471118
0.0271111713238973
0.0258007093507453
0.0139257012335098
0.00886640867471442
0.00908031633601294
0.0172488002453378
0.0116250240302591
0.0105119728137959
0.0111736215270701
0.0115001790006168
0.0104649880870112
0.0110308448658774
0.0135230128162231
0.0117977383292056
0.00673673288710576
0.0168452891599291
0.0141510055479579
0.0156113724726686
0.0130613409943828
0.0127077379181302
0.0138383721950747
0.0175374788309693
0.00133894993875135
0.00825671919251473
0.0116542879149862
0.0114464817761866
0.00995941744247556
0.0139111511960758
0.018523335411141
0.0124757249258121
0.0102993929307867
0.00503389454325699
0.0111204512190481
0.00862734297871832
0.0102374848731949
0.00967848970061448
0.0354252305903314
0.0344289372646289
0.0285450801592785
0.0249315671408328
0.0253637554931412
0.0264238558538893
0.0350940168335803
0.05930958036073
0.0316616058501609
0.02591752545671
0.00998145544825289
0.00993258175160034
0.00994030684117638
0.0070985451430453
0.0135627519626249
0.0128060762578221
0.0107821363348236
0.0142412034332701
0.00964329198316721
0.0369477361145857
