0.534231918667275
0.000870554482193585
398975.867637337
4.92921156179527
13.5759590181915
7.032714341253
210.00237536221
35.1874006484469
32.1783089697892
0.0376602560279305
0.00859473152957042
0.0393597093838268
0.0220455678483531
0.0349013508696829
0.0185208640893792
0.0584640039874367
0.0339797610794278
0.0130045687119373
0.000231711899980536
2.33385879545218e-05
0.0154243454872844
0.0147717837747109
0.0128575785387271
0.0112345334704987
0.00482986672272305
0.00475125911187835
0.0040154465611733
0.00444356365307943
0.00359730476183821
0.0869355238140231
0.0870855209943637
0.191584106649489
0.0883504094043326
0.080825384774066
0.00565476305673919
0.00796896779067648
0.00995217358632621
0.00594307662206002
0.00110040031392941
