0.500062089891209
0.00614565874985472
1235.75219648371
4.99991160599451
14.0002373880138
7.00044753482958
209.999947638022
34.9994176560885
32.0002403605998
0.0350301198275407
0.0349807307947008
0.035459054423261
0.0356509592264776
0.0357287459262034
0.03570332071995
0.0354291518564922
0.0349105858344623
0.035764415431558
0.0357063733223369
0.0361750143442142
0.0363044555504722
0.0359658706063067
0.0435059161235848
0.0429877150990695
0.0357013936926849
0.0361541605611552
0.0367296929079182
0.0360793849377625
0.0357387413829473
0.00189246401903423
0.00188140315746062
0.00192209558220764
0.00193843975944659
0.00195973084708762
0.0019858688956566
0.00219907919207321
0.00190927122698287
0.00193513011808489
0.00210303754862168
0.00221406280695465
0.000620389533102397
0.00123832522846696
7.99830671511553e-05
0.00461598253209682
0.00199679130242437
0.00230149776867595
0.00214625837914344
0.00197489355902701
0.00194080529048266
0.0327883250549589
0.033966590004007
0.0175178811778704
0.0123345751250857
0.0115793410813052
0.0115637248398216
0.0114726830199735
0.0113277412143013
0.0106178185702078
0.0115310874548395
0.0117840141982713
0.0109929624806786
0.0112402403092028
0.0117149421154976
0.0118995520160409
0.00653856358143992
0.00601351831960158
0.00199333050817962
0.00735202421171008
0.00865787687933138
0.00361066581739976
0.0217919634943389
0.0324423729738798
0.0262161754955948
0.0126458401157682
0.00489606337790457
0.00229718125989173
0.00176244452188934
0.00169577919208153
0.00168760257553431
0.00233534539798114
0.00274729927254849
0.00211767156171531
0.00164915433474003
0.00167320636123451
0.00168645768678855
0.00233778460843875
0.00373066760774449
0.00350190535644164
0.00178676763177776
0.0561634737148794
0.0655992961985294
0.0488516811762703
0.0378235645457846
0.034107286161858
0.0337975690725359
0.033857178458451
0.0339864910241176
0.0342176311070878
0.0341851538659861
0.0313187215299797
0.0309988864534682
0.0309530834020124
0.0336761162994025
0.0338390380106057
0.0342360669794788
0.0425086353049691
0.0475129052763521
0.0484308275347792
0.0443468268672244
0.0250280109035583
0.00995103047406316
0.000833334038243138
0.000836791763047676
0.000841156071831141
0.000877733540084652
0.000891933843059708
0.00099543038677349
0.000840279996724661
0.000838560569776716
0.000842127129420921
0.000659416836721033
0.000842654692037973
0.000682023539799653
0.000790110934881993
0.000840284778087412
0.000852181581376432
0.000977356712870879
0.00101160972452413
0.000857506735208961
