0.5
0.001
1235.75179856115
4.99998785002903
13.9997919493836
7.00000297065658
209.999999601389
34.9999777059112
31.999966288884
0.0357680200981519
0.0358877192224779
0.0358249043543841
0.0355240104961167
0.0355778134358926
0.0365751548424593
0.0359471769894843
0.0358143315640755
0.0357340426931642
0.0356650946828017
0.0356603493662646
0.035756527932874
0.0356277401941536
0.0356853453664201
0.0358462275996995
0.035718064886737
0.0356767932213595
0.0356881640693305
0.0357230481694416
0.0357408569266348
0.00215905599934523
0.00236961102123219
0.00233827562730679
0.00232768816737046
0.00275596579378827
0.00240790086656363
0.00210108916851803
0.00194865843957904
0.00188919800598147
0.00190353096396789
0.00199771159722119
0.00199574849140261
0.00192555336744224
0.00223157580780048
0.00194889186905368
0.0019636390499864
0.00198802253207889
0.00201882989559217
0.0020013431733713
0.00196308571681675
0.0118309164403696
0.0120831215553193
0.0114347266084503
0.0112100136009111
0.011012769033505
0.0111074635945298
0.0111312438067607
0.0110988244614724
0.0110603332751662
0.0110049539204912
0.0109524799344848
0.0109509254285988
0.010988838577008
0.0109919191896137
0.011039967259053
0.0109782909156482
0.0110828923283771
0.0110117368654698
0.0109859037602708
0.0109898315560192
0.00276124452032241
0.00312615308148596
0.00153035858387529
0.00111762176786519
0.000892224354051591
0.00050356752994193
1.86603236163511e-05
0.000467384676795471
0.000549857063078199
0.000577672938102524
0.000904084711762463
0.00127676361338758
0.00129340610549654
0.00138605084074877
0.000852182369475474
0.00119532451500544
0.000596932559553366
0.000711135013748968
0.000749309295388009
0.000722555519326879
0.015076889005433
0.0166003890985112
0.0158917644169015
0.014859513615857
0.0142068036632941
0.0136264351923383
0.0141887038511157
0.0143058523631156
0.0143329415766947
0.0143141249852683
0.0141514267526293
0.0138690967705274
0.0139233603014032
0.0139438834026847
0.0140051928206306
0.0141010696115469
0.0140821290860517
0.014063937004423
0.0140606349141572
0.0140638791800992
0.00382565192330952
0.00185834709410274
0.000350479623373189
0.000350407871366265
0.000350420776639767
0.000350454259007271
0.000350493779775141
0.000350493424498762
0.00035051885886656
0.00035052625469234
0.00035053597200728
0.000350552075438737
0.000350558781603676
0.00035060083273825
0.000350636564856815
0.000350691455668964
0.000350745859771659
0.000350792285782349
0.000350822849021458
0.000350836906292659
