0.5
0.001
188815.756666667
4.99657425714633
13.9925028500956
7.00000000595202
189.999618853556
30.3063766420382
31.8585360005189
0.0232715693958373
0.034391982387482
0.0390383188884995
0.0436930985075567
0.0415361434651225
0.0393282130929846
0.0378131128163798
0.0437410985514524
0.0529656505488573
0.066509063400403
0.0170172069048823
0.0243615686701656
0.0147915424603603
0.015166841512689
0.016432500893685
0.0149759413025273
0.014009889641483
0.0122727570987261
0.012080334063116
0.00323762243925497
0.0151466637452766
0.0217618822795942
0.0138826985815567
0.014466609312483
0.0157484026340308
0.0146139395917646
0.0139484002273711
0.0126953641706239
0.0132713415985334
0.00573911186503159
0.0406497565004116
0.025273514638317
0.0165361058780693
0.00870653919363698
0.00794912821541987
0.00753333659308956
0.00606959113988694
0.00150811298178105
0.00425904934611631
0.00208617385740942
0.0597036997994761
0.061481997540145
0.0571912199953848
0.0577961281055296
0.0546192579992565
0.05208003147836
0.048848159735515
0.0506096609815645
0.0640803781635639
0.0772326703984699
0.000662396859674421
0.0457040897953365
0.0308904275174356
0.0145720154524996
0.0133385907848601
0.0124163658448639
0.00925656155717704
0.00061206428227448
0.00589991527485321
0.00169669014993618
