0.503497024566866
0.00498478226832816
1023.81245137804
5.00074193996916
14.0124005912486
7.01066472614564
210.010378272659
34.9126312621881
31.3144847037792
0.01014768130391
2.65510756875197e-05
1.39521683116495e-05
0.03875495420445
0.028711130153903
0.016379239321073
0.026554903374263
0.0402260171761104
0.0724632067310489
0.111953437033353
0.0234778097992074
0.0242210896993979
0.073744693696027
0.0225884059450445
0.0327945556897798
0.0192003170113148
0.0108152318358516
0.00152681633406534
1.17067865752411e-05
0.000158990152988383
0.0213177802822045
0.0592537038379354
0.0509400002631384
0.0564086266812972
1.28328453754859e-05
0.00928363039970588
0.0103135424086804
0.0107859775112624
0.0112802602549794
0.0103927713872511
0.000882692707215146
0.000836125832824523
0.0178344379375963
0.0102444812122657
0.0043410133540874
0.00979712342855907
0.0156512063551351
0.0121095704845657
0.0069996740205321
0.00466399702259012
0.113734038919492
0.0880834148869237
0.0426200775618402
0.0115959394308734
0.0234678077903777
0.0676222965218833
0.0829284228925364
0.0704505102511426
0.0684583220865918
0.0703617509903428
0.0150442023614682
0.00894699230838642
0.0100970658552502
0.0290454335207452
0.0489046371430359
0.0253269428389149
0.0174224547427078
0.0133609735333335
0.0105057486195607
0.00979572862007721
