0.499886971174027
0.00524471850627318
1530.25957399363
4.99475223417822
13.9809033635134
7.00001607108908
210.000028413093
34.9858659312052
31.9897046526706
0.0373929189359579
0.0394663858528336
0.0391771509993659
0.0382737365575651
0.037543918885519
0.037474862188035
0.0406253529272102
0.0398991694621682
0.0372231098726515
0.0359100320873403
0.0148271354203131
0.025097054160199
0.0210488424262902
0.0170826792006743
0.0173905212953865
0.0188218121235715
0.0158615607644477
0.00853634015382151
0.00365455114000961
0.00205653463678073
0.0160109777699214
0.0169980917491697
0.0152272019072775
0.0128146266585448
0.0115728013113426
0.0107809831660953
0.0108207602711139
0.0109187528822903
0.0109806773279482
0.0109987779216051
0.0160331172608613
0.0117762475821945
0.0114305059427844
0.0147541193451736
0.0140094951546082
0.0167669063045473
0.0155667541442299
0.0049708517819352
0.00402085415881089
0.00402806972515753
0.085007476031883
0.0846317082878926
0.082503535112411
0.0831278399176386
0.0831274429163788
0.0812915023366258
0.0803449175666111
0.0804091297549316
0.0806542161004015
0.0808068386559414
0.00570844939782564
0.00629330532143187
0.00394685190942563
0.00337422880444785
0.00362977245902564
0.00378197316322394
0.00375176847011814
0.00414959571500033
0.00435932182731522
0.00255567271665915
