0.5
0.001
213792.013888889
5
14
7
120
35
32
0.0357142857142857
0.0357142857142857
0.0357142857142857
0.0357142857142857
0.0357142857142857
0.0357142857142857
0.0357142857142857
0.0357142857142857
0.0357142857142857
0.0357142857142857
0.00194
0.00194
0.00194
0.00194
0.00194
0.00194
0.00194
0.00194
0.00194
0.00194
0.011
0.011
0.011
0.011
0.011
0.011
0.011
0.011
0.011
0.011
0.00168402777777778
0.00168402777777778
0.00168402777777778
0.00168402777777778
0.00168402777777778
0.00168402777777778
0.00168402777777778
0.00168402777777778
0.00168402777777778
0.00168402777777778
0.0336805555555555
0.0336805555555555
0.0336805555555555
0.0336805555555555
0.0336805555555555
0.0336805555555555
0.0336805555555555
0.0336805555555555
0.0336805555555555
0.0336805555555555
0.000842013888888889
0.000842013888888889
0.000842013888888889
0.000842013888888889
0.000842013888888889
0.000842013888888889
0.000842013888888889
0.000842013888888889
0.000842013888888889
0.000842013888888889
