0.50921641820066
0.001
170210.023076923
5.00008415598403
13.9993950929309
7.00292049788029
210.000001361635
34.999869895789
31.9994818880989
0.0344079387043128
0.0345424768039069
0.0426876398385719
0.0474935794530582
0.0439779004301003
0.039745192740396
0.0383167920637192
0.0380348262111208
0.0376626708348298
0.0373769639265971
0.0374681012296717
0.037637706741167
0.0370578268656106
0.0373374931804144
0.037094776262218
0.0371941254697761
0.0372936299545065
0.0370938132772779
0.0367958328590007
0.0362080366759637
0.0247818959040093
0.00042596996793747
0.00276535816783006
0.00730045677884437
0.0113302403019283
0.0110158487564356
0.00851910338661826
0.00799522356471292
0.00791135208120844
0.00732941933969586
0.00676415551389194
0.00622424422093971
0.00498223593402811
0.00530036898640644
0.00477263750732576
0.00476589696287771
0.00237629354661801
0.00298502000876148
0.00317759135971343
0.00185670293324949
0.00175980767187797
0.028398583667854
0.0243047984596763
0.0163319235076754
0.0141424066516509
0.0174881490608971
0.0181228828476099
0.0168403021316919
0.0163168505963789
0.0151841305116492
0.0142974283162996
0.0138766100138921
0.0128093047516856
0.0125341264032334
0.0116885944429016
0.0112502420600655
0.0110201570718154
0.010987290123828
0.0109941955876682
0.0109997891187553
0.00162306147207362
0.00162848323992095
0.00413511984882298
0.00344690074713284
0.00226532936328083
0.00185979769067145
0.00227992257487387
0.00265473516582924
0.00293827723605696
0.00319149014458273
0.00331388753926385
0.00332222910848603
0.00267279215803418
0.00286746632403675
0.00245358982612178
0.00211334538179245
0.00189744172802325
0.00176335772666748
0.0016959057307018
0.00168526780653658
0.0751923184130075
0.0756050388815531
0.0468944253838981
0.0391311600098551
0.0372250587823833
0.0371644534284475
0.0376540748438136
0.0381323676246938
0.0380839308849384
0.0372484165149552
0.0365167516031578
0.0365211428680189
0.0358103926559874
0.0366492019254781
0.0357125839364058
0.0350417239775734
0.0342708922113548
0.0337123207130742
0.0336252813862273
0.0336660050479258
0.00130363150989254
0.00190995627084472
0.00442954964937576
0.00351357630846463
0.00360035815047714
0.00347443888834109
0.00393386393481491
0.003990181909999
0.00351857281275901
0.00290188936695734
0.00245819071396016
0.00248211183484069
0.00198599602279365
0.00233777343162604
0.00202300796588595
0.00207601647491287
0.0023671816161923
0.00261147439289485
0.00227810567994301
0.00126854845230444
