0.5
0.001
325576.46567718
5.00000038041575
14.0000009486643
7.00000450226503
210.000000011507
35.0000007621789
32.0000002728888
0.0357142818889795
0.0357151091821463
0.0357157778583803
0.0357155517274256
0.0357152055137661
0.0357149654374875
0.035714856606708
0.0357147765657338
0.0357147045955509
0.0357146586118794
0.035714609645792
0.0357145646523556
0.0357145226273994
0.0357145024166237
0.0357144585177681
0.0357144328159549
0.0357143902091194
0.0357143171866386
0.0357142857139294
0.0357142857141795
0.00194171481702907
0.00194362891739246
0.00194364757629507
0.0019434452457627
0.00194321286907132
0.001942880397009
0.00194274744499087
0.00194245801472723
0.00194214816372408
0.00194198073618704
0.00194181785325311
0.00194165487067671
0.00194143147377429
0.00194124625921602
0.00194091832362684
0.00194060619776272
0.00194026392158767
0.00194003580641859
0.00194000014376922
0.00193999999999974
0.0109999827885441
0.0109999674259458
0.0109999721076662
0.0109999770048106
0.0109999809277483
0.010999984516247
0.0109999865173306
0.0109999887995404
0.0109999897179056
0.0109999895224329
0.0109999898125471
0.0109999904864148
0.0109999917423932
0.0109999928920918
0.0109999948724709
0.0109999966994214
0.0109999985863557
0.0109999998089486
0.0109999999992297
0.0110000000000666
0.000706817852359366
0.000702923927785023
0.000703284481416628
0.000703803571885286
0.00070323477367791
0.000702684222331116
0.000702404178449477
0.000702230276373752
0.000702104753548049
0.000702022003055452
0.000701942403258423
0.000701871259722827
0.000701805843382759
0.000701744401452362
0.000701678213279896
0.000701678061110261
0.000701677613004326
0.000701675970093849
0.000701672338655075
0.000701677363309218
0.0140335629038994
0.0140335498448264
0.0140335413396834
0.0140335424484609
0.0140335453549568
0.0140335477304539
0.0140335480991784
0.014033548492603
0.0140335492483143
0.0140335490854391
0.014033549028972
0.0140335489606942
0.0140335490205001
0.0140335478737929
0.0140335490223517
0.0140335491836463
0.0140335520468602
0.0140335605535177
0.014033564814745
0.0140335648506388
0.000351162424208443
0.000350952219322072
0.000350839017243306
0.000350839009030549
0.000350839012211488
0.000350839016884295
0.000350839013692408
0.000350839014607623
0.000350839017221022
0.000350839016223282
0.00035083901635339
0.000350839015810373
0.000350839018897714
0.000350839014405255
0.000350839018099771
0.00035083901777966
0.000350839019543393
0.000350839022470045
0.000350839046944808
0.000350839114260069
