0.500000000055758
0.00100007064610244
1540.15819209047
5.00000345936196
14.0000086991467
7.00003516451041
210.000000111821
35.0000072498186
32.0000026221254
0.035714493220957
0.035715711641182
0.0357155161766591
0.0357157680597226
0.0357150193646577
0.00194158722935706
0.00194050447858905
0.00193999878956607
0.00193999968302606
0.00194000943265301
0.0110055311359775
0.0110047968180032
0.0109999991013184
0.0109999894380843
0.0109999987117601
0.00168441742360452
0.0016848836948065
0.00168402680903804
0.0016840275769302
0.00168530620479187
0.0336805542438764
0.0336805806256412
0.0336807698882399
0.0336805540041463
0.0336805531739621
0.000842013888888891
0.000842013888888925
0.000842013888888935
0.000842013888888913
0.000842013888888893
