0.500769912446921
0.0051622016160879
1848.19570400823
5.00022480938351
13.9932098995328
7.00039465558198
209.999904025065
35.0071735269728
31.9939694120784
0.0105026133270469
0.0110485411556446
0.0115960779313981
0.0112273151392153
0.0143620890411027
0.0191623560186085
0.0213850852500019
0.0119872876737426
0.00596095933775836
0.0541603979205688
0.0115614665986973
0.0102036002599506
0.0116610587164045
0.0108722669942922
0.0207188358831376
0.0288794822753632
0.0263394499695586
0.0418212062238567
0.00491122113873218
8.951092485107e-05
0.0150527066110015
0.0167529035110706
0.0194696621948834
0.0163760157794862
0.0133626110363719
0.0111274919272505
0.0098720798951575
0.00994972225532987
0.00998352527493668
0.00999829562608832
0.000575608698099141
0.00177878999150349
0.0110554548130058
0.013719617380151
0.0141603583257391
0.00787441628342834
0.00430006351285815
0.00158464653885637
0.000559158497073104
0.000408395997989583
0.0519418012396636
0.0479068788595631
0.0442270277339775
0.0466216517202395
0.0434343274092902
0.0378881593100454
0.0367641687420279
0.036845843449444
0.0369493032323034
0.0369904065711577
0.00157735197182609
0.000469332975001024
0.000105002221994316
0.000117603203965369
0.000509397002961362
0.0107993695818698
0.0174360440527079
0.0185060791557705
0.00970506991047939
0.00316911781642426
