0.5
0.001
217823.113888889
4.99958590529639
14.0026651453204
7.01361594297336
209.998127577192
34.9943609237763
32.0001265728508
0.0328930873059428
0.0333737905567143
0.035238750964213
0.0355898037364186
0.0356773259717653
0.0356962833307089
0.0360186477241627
0.0362949892439718
0.0358733867808451
0.0357265055833094
0.00167856318269542
0.00174826522794103
0.00190128074941448
0.00192678007724619
0.00193488012055086
0.00197785970505107
0.00239447476667759
0.00218291317293765
0.00199725100591806
0.00194410415079757
0.0225809452583378
0.0396069912528672
0.0219203881165212
0.0149939554220196
0.0124410631152329
0.0112586551068427
0.0110288469908026
0.0109979515003771
0.010998880550173
0.0109999280016981
0.00102680066914124
0.0275769045886125
0.0402570036989202
0.0186178645576367
0.0111222102450754
0.0083585945085714
0.00615071195104463
0.00415448253477586
0.00225813642086396
0.0017134642238946
0.12143883035529
0.11684036283266
0.0535176166980598
0.0398865162944934
0.0363158054948101
0.0349649164426679
0.0339672456572811
0.0336881220004765
0.03367730008139
0.0336800379471203
0.000799024197000254
0.000808956554828615
0.000818808383788671
0.000834867507845505
0.000848940959139141
0.000857197278058698
0.000863334374755977
0.000872593068352011
0.000867662302182658
0.000847150096213763
