0.5
0.001
482480.461538462
4.99872001578021
14.0030509767574
7.00000000000002
209.99332929536
34.9264000122267
32.0007902317802
0.0356159132902232
0.0418700666911682
0.0520901728642665
0.0407491063094874
0.0499213028233978
1.77018289834918e-05
0.000842469950393837
0.0040212466517141
0.00492103924884265
0.00531580780769358
0.0129619348592005
0.0121239028705914
0.0136313278087997
0.014965301358445
0.0172746674589155
0.00199508951812626
0.00702433525828073
0.0128279395039417
0.00422225257539357
0.00183330989834235
0.0410226104181486
0.0351311999717299
0.0379622871832688
0.025967097981737
0.0253124248224797
0.00198721099759163
0.00868227020231448
0.013420788807878
0.000851239061693338
0.00204388070837128
