0.500000000035855
0.00100003964474985
1328.90454545469
5.00000024309595
14.0000007574149
7.00000879747395
210.000000147433
34.9999974125806
31.9999998136216
0.0357231712655707
0.0357289982248627
0.035737164172965
0.0357326246795594
0.0357268741865615
0.0357207215549085
0.0357152484326609
0.0357143097421952
0.0357142873519569
0.0357142857142856
0.00197517376174482
0.00200933758266816
0.00199657085446044
0.0019789644068219
0.0019612108203158
0.00194668937108138
0.00194050463353557
0.00194002520192584
0.00194000000294714
0.00194
0.0109997045188224
0.0109994333742663
0.0109995685287235
0.0109997251642505
0.0109998617653795
0.0109999594146054
0.0109999971103203
0.0109999998683133
0.0109999999999849
0.011000000000001
0.00336722781681363
0.00336783336557424
0.00337099988328782
0.0033680457914366
0.00336800526000465
0.00336794352320331
0.00336782679587146
0.00336772501261977
0.00336802227165223
0.00336805559355752
0.0336804569183928
0.0336797211636487
0.0336794208904836
0.033679511513107
0.0336797069962309
0.0336800533955159
0.0336804733498333
0.0336805531227394
0.033680555383012
0.0336805555555687
0.0016840268767885
0.00168402134294517
0.00168399362399912
0.00168398702276627
0.001683988338801
0.00168399138113194
0.00168399569577586
0.00168400654218714
0.0016840263855718
0.00168402777777741
