0.499531180491079
0.00640264007797583
1530.25936546544
4.994827060553
13.9805433928043
7.00002355816724
210.000052024928
34.9838367319929
31.9891587109645
0.0369441748629069
0.038806705492812
0.0391697643818264
0.0390427363837832
0.0390538820631613
0.0388396489970637
0.0385084985421834
0.0381623079703211
0.0379046568637551
0.0378641617054706
0.0377531190769663
0.0382254959613654
0.0392822873874986
0.0394402365743432
0.0389924772246149
0.0378519462092185
0.0369571831658146
0.0363812372810155
0.0359725734078031
0.0357583107242101
0.0139674331492258
0.0252886299306114
0.0239865640987829
0.0221460472338683
0.0208010205736821
0.0189363745248543
0.0172806607978653
0.0163922872595676
0.0159984957215978
0.0156989586403674
0.0152079806760166
0.0144492242132216
0.0128195063643065
0.00975829477755993
0.00715584652274928
0.0060024483882815
0.0033275856430898
0.00269116072820574
0.00213975865091953
0.00195543409571423
0.01873433485852
0.0219728236131024
0.0172816143434634
0.0145265974792031
0.0136081927433083
0.0126531252038244
0.0115703799747236
0.011011489048807
0.0108510797140074
0.0108281043010726
0.0108309522446564
0.0108397983377487
0.0108618509511233
0.0109028601765983
0.0109368418847578
0.010953864262677
0.0110478011234625
0.0109923406898839
0.0109980702036784
0.0109998566764351
0.0180669662365724
0.0181182665188492
0.0086891098881707
0.00852000837209695
0.0104027160675493
0.0121209005134371
0.0138868404924333
0.0144669891757869
0.0135634321239336
0.0128112055633443
0.0144944001059012
0.0161727808675036
0.01586250546089
0.0114082870347064
0.00800596432153725
0.00590354309657976
0.00436276852643272
0.0040915669704995
0.00401462256694498
0.00403520204337352
0.088221455959172
0.0911576423719046
0.0859821338713315
0.0838151321377383
0.0826800163135605
0.0823629388945198
0.0824365485816158
0.0823301233513358
0.0819038832469807
0.0816150535494021
0.0811586604530696
0.0806212536099752
0.0804660596290087
0.0804566714640556
0.0804888603455982
0.0805905493097915
0.0806744008919892
0.08074044158335
0.0807939476426131
0.080826144036954
0.00443182451857231
0.00588171541261771
0.0045208177511225
0.00360922475151674
0.00330633335590775
0.00299287320514488
0.00270193167572609
0.00265509104081745
0.00265839374261286
0.00266690824889227
0.00275964185493385
0.00276381071661461
0.00271061862380914
0.00266882889900496
0.00305143602481292
0.00341879348445655
0.00356155038290442
0.00351234192916765
0.00288116698854799
0.00220276831840174
