0.500000000010964
0.000999999998942637
1159.33333333334
4.99999992263646
14.0000005114522
7.0000027096061
209.99999999464
34.9999999809764
31.9999997714962
0.0357147829014239
0.035714529835649
0.0357142857155873
0.0357142857138362
0.0357142857155826
0.00194095571132438
0.0019402742651109
0.00194000000157992
0.00193999999999994
0.00193999999152237
0.0194005193949809
0.0194002246740559
0.0193999999999824
0.0193999999999832
0.0193999999999931
0.0024266071515815
0.00243808448697471
0.00242723307851886
0.00242499999998774
0.00242500000247
0.0485012245124946
0.0485006852622229
0.0484999999997919
0.0485000000038003
0.0484999999999919
0.00244994890521692
0.00242623425576885
0.0024251509921663
0.00242500000239538
0.00242500000317077
