0.5
0.001
65.0647482014388
5.00007381071738
14.0001251038457
7.00066661822118
209.997704476369
34.9769267688408
31.9990778894511
0.0348537461102585
0.0344367166892375
0.0400918936164263
0.0415173055068298
0.039423836119276
0.0403321337167447
0.0577619996718151
0.0610449229343195
0.0429139724252962
0.0402185842295613
0.00436421395557717
0.00910306858894588
0.00789727786660328
0.00556693952931484
0.00195799937298367
0.00318312825845608
0.00433801059589151
0.00376372607365848
0.0231881181897177
0.0385457167396109
0.025554140115376
0.020623929697201
0.0182998201628629
0.016157512838074
0.0139014442226194
0.0111433209160625
0.0109985456481
0.0109937924617253
0.0109982055532025
0.0109764592614159
0.00750175999835186
0.0307317287332149
0.0164688811975123
0.00396826719365453
0.0014182396620058
0.00455603567892933
0.00446716367336604
0.00164483055808273
0.000739805164618189
0.000701803171726351
0.0430194861327397
0.0407158376007945
0.0236091470764822
0.0211456373742121
0.0167710610831104
0.0124088024657017
0.0141140526893104
0.0140003080001408
0.014028015737527
0.0140283954925621
0.00772545450206591
0.000333803067978797
0.000342738906936319
0.00137117121055196
2.76687114566124e-05
0.000532997499581155
0.000431483143242004
0.000383368787078497
0.00126448406121518
0.00187287148431358
