0.501814601697423
0.000990721196912462
402663.624440922
4.99991183344398
14.0041528357713
7.00001144382006
210.000009055196
35.0021955492636
32.004828930113
0.036589446733016
0.0265220449966277
0.0141763432815131
0.00639388242631655
0.00065857574802834
0.0123058178570582
0.0102498750109018
0.00787285751847657
0.0158359392109618
0.0339184339121786
0.00776001271809319
0.00815925382433453
0.0099249356675344
0.011399467152739
0.0109990088098692
0.00162697644323669
0.00159820301000082
0.00163013209632229
0.00164874498404534
0.00167626344715793
0.0345791991383978
0.0396568922303985
0.0448884489941034
0.0344681318612148
0.0336758350601755
0.00422759981748595
0.0071720818504406
0.0063681538619967
0.00414194743546713
0.00233553546325959
