0.502532932847203
0.00502776736635313
1026.16754956028
5.00074193560348
14.0102512862914
7.01266728064304
210.001614215006
34.9264196917698
31.3926980272564
0.0101520975943352
0.000440599561495896
3.54612723569275e-05
0.035764084888136
0.027549939926429
0.0188602929626828
0.0309434913230923
0.0454309692218678
0.0767187505646566
0.113890266496043
0.021624016586781
0.0240775932022924
0.0724272575828766
0.0253421187445574
0.0300071863165047
0.0165771309960064
0.0074291635117202
0.000244215677960105
0.000134450270456489
0.000173772592184849
0.0222991540985103
0.0627183331677908
0.0513736725482252
0.0537505758286609
1.83883661314284e-05
0.00752379812306865
0.0102511782308775
0.0106375889752936
0.0108468918791721
0.00999935207807057
0.00093039096445603
0.000835558180478717
0.015384412515135
0.010482685703385
0.00463654591679949
0.00897892206055011
0.0132392105023253
0.0115360449163237
0.00691271077300112
0.0038311286023944
0.111614920328753
0.0831175298268232
0.0360692669476689
0.011797074838328
0.0234893563469581
0.0618285998240262
0.0762707209918753
0.0702410082142869
0.0687765145257195
0.069511898273748
0.0152722419628081
0.00904225549904391
0.010255280980236
0.0214894922333455
0.0384235513334734
0.025039798521611
0.017194774857872
0.0121912977146799
0.0107917552058176
0.00980172320026699
