0.5
0.001
152998.15720524
4.99974899588199
13.9980864342897
7.00019200929608
209.999986289508
35.0505726459235
31.9994587309562
0.0362684907195388
0.0431547858020216
0.0561353748997317
0.0528996129921163
0.046529198194002
0.0427146639844604
0.0413645254739445
0.04173075304733
0.0420295464378796
0.0403191828800144
0.037563176185051
0.0357479284971432
0.0355827996756192
0.0356515354076433
0.0357043316326703
0.0144014123038428
0.0319787242255104
0.0329020914311616
0.0285959654880921
0.0242745148834468
0.0210066452320839
0.0179718340629954
0.0138769412886165
0.0087014469736425
0.00432244491966182
0.00231154703187891
0.00193140198911661
0.00193461358855524
0.0019385937306472
0.00193990612976716
0.0245547500186494
0.0408011567328628
0.0424044888713794
0.04043728180325
0.0368390939167695
0.0323191400720161
0.0271901102918042
0.022316324736785
0.0186632439096588
0.0163044082458671
0.0146153349430289
0.0136989545305627
0.0121778518379039
0.0113262091568878
0.0110544036557964
0.178125994097326
0.125519297742565
0.000733576271313317
0.0004910283366864
0.000440717519128932
0.000446590046076402
0.000435221155902995
0.000395154664822452
0.000332041340687632
0.000261570352527078
0.000241501332940868
0.000211516848481533
0.000238480639366229
0.000315682991565436
0.000581961151708203
0.0151372112841416
0.026175197632386
0.0390474984546056
0.0427968436900676
0.0430879661806572
0.0429763727860621
0.0414076569516708
0.0370892112228475
0.031877637802957
0.0282641799143762
0.0249548737755371
0.0254991090262419
0.0240865760060711
0.018983082944808
0.0148267022559183
0.00476439714189318
0.00554419330097679
0.000317875698883432
0.000248284953274661
0.000237510148269533
0.000237806699042147
0.000239069221962856
0.000241698290434932
0.000244990961070731
0.000250056008755697
0.000266901872175765
0.000273563774790743
0.00029422946388628
0.000316500977149013
0.000343969636150906
