0.605334767792701
0.000919084200246142
396721.266580118
3.72758682249341
12.9844294903442
7.72069461123244
209.873018963193
36.6354223679862
32.8949846169787
0.0299750856227399
3.50640348779106e-05
0.0255811427639376
0.0205733389763423
0.0418474510261388
0.0351912662602457
0.0593878574032455
0.0544257509720895
0.00965705794684033
0.00590698418287763
1.54949626808022e-05
0.00797839847701727
0.0126815765262237
0.0131818328548838
0.0172773394202433
0.00649578042117809
0.00521657517589393
0.009571836551951
0.00583529590522353
0.00377495993107606
0.0794422669124983
0.105999771337358
0.26357810521265
0.10623143939134
0.0724954303264145
0.00932789601725909
0.00843699099987737
0.0245778753104926
0.00753485842992451
0.00201279001035837
