0.5
0.001
188657.66
5.01471474932108
13.9836009296855
7.05861495414622
190.008182898848
16.7372505732443
31.7832064294567
0.0255240519324921
0.0408280274046237
0.0531922456543588
0.0318902581118832
0.0203011837404847
0.0218559307934485
0.0444458674587717
0.0529377019434084
0.0594172467228553
0.0818920586432449
0.0115760573359266
0.02413590598536
0.0186995187860865
0.012746831956657
0.0127420363463662
0.0104824460434156
0.0137762555378278
0.00774755309392417
0.0309973666586706
0.00196754332085854
0.00951066769898552
0.020725823177569
0.0169569438308024
0.0120055224996765
0.0120891091880171
0.0104277348346519
0.0135863863113563
0.00877913516901056
0.0306611132750101
0.00548802052994269
0.0287985140045313
0.0140717145030528
0.0184135748213952
0.02501240123958
0.0326011209854907
0.0290856816878208
0.00547073446955418
0.00288905520162327
0.00277355682074194
0.00166344342906681
0.0790552777001958
0.0566770324118002
0.0781022968032178
0.0625432039396258
0.0586452285041861
0.0564603033835644
0.0555819897070894
0.0621190743384903
0.0695217380059184
0.0937004631028029
0.00301854614406889
0.0375471124484492
0.0563689479752944
0.0626344150988851
0.0710667844646359
0.0576026514894826
0.00817699060851738
0.0033109700469249
0.00324810370988433
0.00126051579042082
