0.494541284343311
0.00476793465522724
1472.0220107832
4.99577128466373
13.96842779421
7.24516902938277
210.001147139404
33.5270163560226
32.0561389580819
0.0364115511666437
0.0696033880870771
0.0444950928932615
0.0524547890516489
0.034927899172471
0.000207440615746026
0.00488491345253527
0.0111768108538248
0.0164630245507344
0.00432302154453179
0.0384082741721493
0.0374938307442556
0.0290307313677906
0.0192286107751304
0.00270795419792149
0.00160038024588409
0.00362269517848008
0.00304953320979051
0.00170363011814335
0.00152521842519041
0.0444933081481427
0.033340748011532
0.0244904244650513
0.0215346865855568
0.0283149608189782
0.00170191126366197
0.00130543371258948
0.0111965837207298
0.0201886447780443
0.0231879012851131
