0.5
0.001
24368.1371841155
5.00012761109524
13.9924501199306
7.04053427421487
209.99977725254
34.7671996274715
32.0155067307193
0.0356093526200981
0.0355648234232278
0.0357667113826707
0.0359238515347913
0.0360093530678974
0.0361551278288292
0.0369083189683519
0.0371334463182773
0.0371548819080188
0.0356556056632996
0.0349095204104619
0.0361717295478005
0.0364145834814123
0.0378895517392162
0.0438358616485045
0.00259804864764529
0.00342128404319331
0.00392697915799818
0.00410067444437973
0.00416086230753221
0.006698941237222
0.00782096250776904
0.00758948956135438
0.00801373831502515
0.00679751676476637
0.00743234464072948
0.00896870352561828
0.0100702180449064
0.0106708134557004
0.00658757668998901
0.00252365550183201
0.00778721631319407
0.0193016251336534
0.0217346931917558
0.0139343069491762
0.0156200135343715
0.0103949443961125
0.0114080934673957
0.00990909628001777
0.00722258204569712
0.00874229884690947
0.0126843339326101
0.0159228805987536
0.0148583862199016
0.00968580795274446
0.00729661915108999
0.00687645263863058
0.0097060971772953
0.0117042499100446
0.00932136412607808
0.0107554643428038
0.0137419079047377
0.0128818406977533
0.00720132979285831
0.00947870497268318
0.00808198880855332
0.00460530543033515
0.00285525081978535
0.00247567073349969
0.00174795901570001
0.0481486414637135
0.0501081381517776
0.0462321959541438
0.0377661473256496
0.0309057518393115
0.0317554859280275
0.0340732538643283
0.0342923647867507
0.0325204106056404
0.0366037822094588
0.0355503241522894
0.0352417104338912
0.0341096775273047
0.0340445414868742
0.0369192291525989
0.000839233123021979
0.000719426668060555
0.000650692479165641
0.000700883955649632
0.000797823416837146
0.000785501501360623
0.000785752381109469
0.000830813051592784
0.000864692182346673
0.00094345354580152
0.000980169030570418
0.00102547781055486
0.00108584116671488
0.00101320327123401
0.000897221460103548
