0.5
0.001
1855.18930041152
5
14
7
120
35
32
0.01
0.01
0.01
0.01
0.01
0.01
0.01
0.01
0.01
0.01
0.01
0.01
0.01
0.01
0.01
0.01
0.01
0.01
0.01
0.01
0.01
0.01
0.01
0.01
0.01
0.01
0.01
0.01
0.01
0.01
0.005
0.005
0.005
0.005
0.005
0.005
0.005
0.005
0.005
0.005
0.0229999999999997
0.0229999999999997
0.0229999999999997
0.0229999999999997
0.0229999999999997
0.0229999999999997
0.0229999999999997
0.0229999999999997
0.0229999999999997
0.0229999999999997
0.005
0.005
0.005
0.005
0.005
0.005
0.005
0.005
0.005
0.005
