0.500162910021869
0.00123396865459808
1329.51645002133
5.00000228213226
13.9999934085598
7.00000057782708
15.5000472481153
35.0000036142011
31.9998476425437
0.0322293355120495
0.0412402051915001
0.117429707299516
0.00217742231435055
0.000337864711168251
0.0403349976636574
0.0109990251519047
0.0109995208288659
0.0109999997463953
0.00188021754881068
0.0016835788563113
0.00168388731882478
0.0336792973697827
0.033679053838628
0.0336805587971662
0.000841997756072294
0.000841968209959266
0.000842011131234256
