0.5
0.001
188657.66
4.99383809204348
14.1077026139193
7.00035838431536
190.000298668611
27.1803250545877
30.6859251864788
0.0187211455044153
0.0296117384784357
0.034398951724738
0.000231622494132917
0.0216598235288179
0.0394584755159723
0.0391901295383258
0.0393178333308795
0.0382120658406822
0.0516152096292802
0.0498318744883882
0.0503726544079621
0.0466785370104501
0.0522823043233764
0.0439291734926077
0.0552950051480976
0.0609225793171406
0.0577865302103361
0.0567427252296315
0.0575277031745696
0.0194925789610226
0.0317347537524815
0.0246802891680446
0.0201855847236149
0.0176147156065598
0.0162032632451867
0.0142624653037794
0.0133825307163846
0.00830143231515305
0.00381801379628064
0.00653499816109609
0.0105036680011963
0.0104697770877466
0.013195847376362
0.0133276956162743
0.0141103210349252
0.01845228095261
0.0210497860799317
0.0159958446723575
1.05937786365997e-05
0.0164393017899178
0.0268032903363331
0.0213411606965368
0.0181902096703081
0.0155778393315338
0.0146412404129213
0.0128095254676573
0.0120671999543979
0.00804090522752749
0.00467545630200383
0.00737016991331055
0.0104105357317363
0.011457452625569
0.0129597414231823
0.0141048677657399
0.014373779465002
0.0189423878893796
0.0219662984021791
0.0175504242808837
0.00203320244945982
3.3217136273411e-05
0.0335850859683854
0.056222908417304
0.0920075061031049
0.0364944948158457
0.0185425806341568
0.0103666450885535
0.00656205703804431
0.00791843482796443
0.00601772183306321
0.00895594478906322
0.00830603548142223
0.010039991981667
0.00727793750612432
0.0150365374918539
0.00543100113825374
0.00262305985663043
0.00230114586241278
0.00178298750117674
0.00145038481967557
0.0634793938317388
0.0532280401952329
0.0691300411876136
0.0721696194570277
0.0611466793228324
0.0618645715033211
0.0546867435585132
0.0505615842377126
0.0512653500935468
0.0637870920677407
0.0651406653213169
0.0651462947550515
0.0632297887250205
0.0653496151243051
0.0654505488103992
0.0673158058164068
0.0701064720755812
0.069350886415911
0.0658414434621758
0.0667110283617791
4.95370072695121e-05
0.000100459424424932
0.00101919039784304
0.415876806688529
0.151757280196284
0.0484026762963614
0.01438637798629
0.0113984088884689
0.0121775639865603
0.00938073778295972
0.0147980358084124
0.0136855498442866
0.0170168552421852
0.0116040102799148
0.0264246212682559
0.00797619042587708
0.00292332820237303
0.00232749717322956
0.0015547727531799
0.00067002846977377
