0.500004486108798
0.00565899317091744
1062.38806940857
4.99989418942682
13.9976184963839
7.00080582718734
209.999950077216
34.9987982805698
31.9998063813793
0.0344820389885802
0.0356309360818696
0.035655598911192
0.0358174717279694
0.0364993773314318
0.0384946469554571
0.0408141941778223
0.0412713706989155
0.0408543671059437
0.0406192274913469
0.0410595791185523
0.0404020756787131
0.0395096745853137
0.0389489706732702
0.0382715337593558
0.037604013300937
0.0354615895674684
0.0345717370111714
0.0357108494926743
0.0357138944386616
0.00347525820009493
0.00513593127750355
0.00594188675695327
0.00810008430740282
0.0114200179118968
0.0128944956846873
0.0119737491648176
0.0107967454415633
0.00872367763004263
0.0067135931780417
0.00753142177449227
0.00718592490884058
0.00552534511420725
0.00466797451078168
0.00386370194814138
0.00301197311920546
0.00248387916832917
0.00209270901799354
0.00193984753994207
0.00193999231551759
0.0258698089051148
0.0320529270087024
0.0286659981508448
0.0245694966550529
0.0222423253103511
0.0213914040713449
0.0211813062536125
0.0211672136900987
0.0209873354849497
0.0206164491363712
0.0205736833082637
0.0203342504203453
0.0200869280185614
0.0199463578401641
0.0200808803788367
0.0198908419927087
0.020880204023009
0.0204357095745661
0.0186737544094703
0.0177988010541914
0.00372333871922468
0.0436253442720199
0.000789361264908839
0.000681673349863812
0.000674604554695761
0.000678802442578951
0.000675069088921434
0.000695581379009282
0.000668660599690631
0.000670166237686339
0.000657369211134987
0.00066569962327302
0.000670783313433957
0.000671985124492593
0.000672298400937243
0.000670108294794164
0.000664201394094012
0.000652132700474356
0.00064112717229671
0.000678703705441328
0.0209966173149314
0.027370329933898
0.0382645874906796
0.0372463683486592
0.0299418701320764
0.0201972853044123
0.0176150809850412
0.0175217465386486
0.0174045903302405
0.0168544239763787
0.0172379690183052
0.0167198124285551
0.016145067763594
0.0159038083280749
0.0156739634218303
0.0154969679344875
0.0151130371080412
0.0149585795035217
0.0143995403247723
0.0139262282477301
0.000701672308137089
0.000701649844408382
0.000698076003869136
0.000689674764868639
0.000687761095680055
0.000688257491413187
0.00068981052814916
0.000690859827581436
0.00069178907568291
0.000693511809285082
0.000692096890326057
0.000692676671515903
0.000693332992692002
0.000693159369650274
0.000693164073372046
0.000693094437651782
0.000693140771679468
0.000693438021035168
0.00069546588776672
0.000700189580056986
