0.499979605284208
0.000999756362589027
159189.261793
4.99937465564551
14.0019089395713
7.01024122324654
209.999788292297
34.9918982770187
31.9965241596703
0.0356465762690816
0.0347960238952271
0.0355268492102175
0.035991190334822
0.0357500484840915
0.0357896932157305
0.0357760097197818
0.0363175829147973
0.0374795920400344
0.0381683076613072
0.00180390960508799
0.00185417058042865
0.0021878111642463
0.00388472154818813
0.00329840544639095
0.00253129803709971
0.00308601658200079
0.00231553404845163
0.00179547528629821
4.72928412364674e-05
0.0477275752048746
0.0498840679294795
0.0244796674144458
0.0169500496633402
0.0138728282815758
0.0113087063219814
0.0113178282684273
0.0108845415842245
0.0109991882691531
0.0109999181760233
0.0402951554629469
0.0120883376422892
0.118032170797012
0.0546935081534167
0.0306761038842462
0.0161933688457292
0.0106131332775613
0.00668521094144647
0.00443709554888315
0.00315650360667022
0.0756495410128809
0.0936798786779848
0.0599360488837925
0.0436906185432267
0.0366815431256625
0.0335094309145578
0.0320691087271611
0.0316119077740558
0.0335039970396699
0.0336799709366343
0.00087553307146678
0.00138483646460486
0.00163361689520806
0.00167333343165036
0.00980345639778989
0.00930887212897834
0.00202514028257856
0.000220178470975104
0.000645332326837325
0.000889851885501231
