0.520196737513784
0.000910896278832573
394843.230031478
4.90771947822095
13.9242577655031
7.07213919044607
119.483229917793
35.0892607822257
32.1049556833151
0.0405779408946247
0.0499564101764394
0.0274465778352252
0.0241737420125868
0.00850848360995253
0.0254063653378559
0.0075583403270381
0.0222121797244458
0.0389770191362018
0.0169073325937151
3.40353515227215e-05
0.00234706290131911
0.01163353822853
0.0149659991656054
0.0109467359427541
0.00330313574308493
0.00449084124375638
0.00407931160698095
0.00466112701747152
0.00364484187344513
0.0860470322273643
0.139013783689619
0.136785266933039
0.101046899986155
0.128177835992249
0.00196954404556181
0.00898933263004242
0.00947918573876308
0.00773609832115854
0.00199958650274731
