0.489705969905402
0.00765169609204922
1313.77043285026
5.000420236242
13.9996286812888
7.00176234041939
209.745935087284
33.9123639282851
32.4095468115037
0.0342462895794569
0.032720799566442
0.067763775024905
0.0400684622896859
0.00259802293235157
0.0140980269205267
0.00702109198563968
0.00546404543410042
0.0205333391677815
0.0509469646838284
0.0189678722770042
0.0205264584652995
0.0229924096953698
0.00150926115963859
0.000281253318230243
0.00189583909288264
0.00325546280220924
0.00174080720188214
0.00158800420641801
0.00246158526892427
0.0442382107066581
0.0405681945106981
0.0297710548353876
0.0199108043378298
0.070466731319293
8.25301565159897e-05
0.00507410595044673
0.0136283655622525
0.0232567301153128
0.0357540719658825
