0.506211199224484
0.00328064039248286
933.877711926431
4.99956967800761
14.0157876080907
7.00537908934473
209.866423129634
34.7686450738763
31.7949873196526
0.0412513766783901
0.0312600573968889
0.0144915922434353
0.0107251391663542
0.0016990220842053
0.0154460006798333
0.0217414684036241
0.0101793944389665
0.00604487406710026
0.00642221704045687
0.00596936115543873
0.0134740180769309
0.0128120284964554
0.00556220364773635
0.007699649006812
0.000826369473315164
0.000741207571037116
0.00186406166054514
0.00923868772689975
0.00940302719182879
0.0246223666227346
0.0278752094297977
0.0205575063547597
0.0381130106504479
0.0198790400989188
0.0013558930445088
0.00996548774243988
0.00928429708479707
0.00175818136810892
0.000393245718805686
