0.5
0.001
45346.1805054152
5.00016809560384
13.9864768317339
7.07361199841333
209.996255123707
35.0570296904737
31.7804192258056
0.034040359744129
0.0354986078436111
0.0355935821368694
0.0356620368010078
0.0358248841331088
0.0364016790792791
0.0365754617023551
0.0365900987384991
0.0364371346155919
0.0363039189646246
0.0343198570766545
0.0347841301346016
0.0374490794640206
0.0391504235475885
0.0370478529496927
0.00197896904727164
0.00202148951516541
0.00348052587981314
0.00534133485223289
0.00628678657714042
0.00642125593940675
0.00597190984292552
0.00505420950448798
0.00758274970304743
0.0101140456310112
0.00655768728130583
0.00377497989060636
0.00494138534184542
0.00760180940029782
0.00881923928261543
0.00774169802517702
0.00417526830706223
0.00571443053729375
0.0104733157337907
0.015056830405805
0.016259368967736
0.014311970601319
0.00716699369755767
0.0135132069049691
0.0147599257768771
0.0123746054724782
0.0115456232747628
0.0104876865344683
0.00981561880769615
0.0110933707077193
0.00193475381642511
0.00203941360793075
0.00352836144014944
0.00505600913093161
0.00614099222737759
0.00685427938338046
0.0071580614773637
0.0071031700617399
0.00559939387616794
0.00469097048586951
0.003767784991879
0.00340100458364555
0.00285594661508538
0.00101723835948315
0.00149546565953464
0.0404794290573605
0.0419650314675665
0.0507987564036978
0.0463509866561495
0.0425446623919649
0.0399711403548975
0.0375765740974
0.0370269575928695
0.0363925531486409
0.0364487332271233
0.0338363961665754
0.0324085110679763
0.0327271801980308
0.0335490066411107
0.0341627659857781
0.000251687219932997
7.07629985308348e-05
1.00000000363755e-05
4.33968269207321e-05
0.0034415523940995
0.00420948920437752
0.00212215769312129
0.00237786558570533
0.00332003569453442
0.000321816892186205
5.37465136340877e-05
0.00189657935814042
0.00252071162594289
0.000417651829017894
0.0014844694894009
