0.5
0.001
2159.01735357918
5
14
7
120
35
32
0.0357142857142857
0.0357142857142857
0.0357142857142857
0.0357142857142857
0.0357142857142857
0.0357142857142857
0.0357142857142857
0.0357142857142857
0.0357142857142857
0.0357142857142857
0.0357142857142857
0.0357142857142857
0.0357142857142857
0.0357142857142857
0.0357142857142857
0.0357142857142857
0.0357142857142857
0.0357142857142857
0.0357142857142857
0.0357142857142857
0.00194
0.00194
0.00194
0.00194
0.00194
0.00194
0.00194
0.00194
0.00194
0.00194
0.00194
0.00194
0.00194
0.00194
0.00194
0.00194
0.00194
0.00194
0.00194
0.00194
0.011
0.011
0.011
0.011
0.011
0.011
0.011
0.011
0.011
0.011
0.011
0.011
0.011
0.011
0.011
0.011
0.011
0.011
0.011
0.011
5.07579745906207e-05
5.07579745906207e-05
5.07579745906207e-05
5.07579745906207e-05
5.07579745906207e-05
5.07579745906207e-05
5.07579745906207e-05
5.07579745906207e-05
5.07579745906207e-05
5.07579745906207e-05
5.07579745906207e-05
5.07579745906207e-05
5.07579745906207e-05
5.07579745906207e-05
5.07579745906207e-05
5.07579745906207e-05
5.07579745906207e-05
5.07579745906207e-05
5.07579745906207e-05
5.07579745906207e-05
0.00101515949181241
0.00101515949181241
0.00101515949181241
0.00101515949181241
0.00101515949181241
0.00101515949181241
0.00101515949181241
0.00101515949181241
0.00101515949181241
0.00101515949181241
0.00101515949181241
0.00101515949181241
0.00101515949181241
0.00101515949181241
0.00101515949181241
0.00101515949181241
0.00101515949181241
0.00101515949181241
0.00101515949181241
0.00101515949181241
2.53789872953103e-05
2.53789872953103e-05
2.53789872953103e-05
2.53789872953103e-05
2.53789872953103e-05
2.53789872953103e-05
2.53789872953103e-05
2.53789872953103e-05
2.53789872953103e-05
2.53789872953103e-05
2.53789872953103e-05
2.53789872953103e-05
2.53789872953103e-05
2.53789872953103e-05
2.53789872953103e-05
2.53789872953103e-05
2.53789872953103e-05
2.53789872953103e-05
2.53789872953103e-05
2.53789872953103e-05
