0.5
0.001
298297.156
4.99999902648761
13.9479738859767
7.00000270450488
190.000022214488
34.9889912789198
32.0142771854277
0.0243483622032468
0.0230864516431878
0.0202824750306605
0.0180150376872982
0.0169229189276372
0.0156112513331269
0.0138676421533595
0.0122056098940754
0.00994785944968864
0.00828406384359152
0.00786226314306539
0.00852192955631812
0.0105377642536115
0.00855312471382931
0.00833434350610445
0.0074332603717646
0.00863903763889136
0.0105188243530212
0.0117273639841083
0.0124699108795856
0.00865371057854629
0.0120197685037417
0.00850151824822672
0.00609629455696757
0.0041406389813591
0.0025945441659753
0.00125977655808453
0.000396079285964605
1.00000000222045e-05
0.000355483428512642
0.00120474798746555
0.00173077160681874
0.00127685933584136
0.00104280910221237
0.00133675859384752
0.00188311543173172
0.00268354289434296
0.00261342238686642
0.00237676745105785
0.00203605384136289
0.00152100247508856
0.004814245743774
0.00229347562400676
0.00282652748838437
0.00125908385051272
0.00112239927164779
0.00066347371919805
0.000110506002358512
0.000725553155642885
0.00118872776811867
0.000845354508430266
0.000976537121498298
0.00124593642182044
0.000875477297006035
0.00174930522962674
0.00140805119238687
0.00117446415548461
0.00183771787480051
0.00155965375274532
0.00138914499733823
0.00174329043540126
0.0018682368777421
0.00211552605073195
0.0024469378529413
0.00272301755727646
0.00298064090403072
0.00309840165308397
0.00348325753575552
0.00410114027134078
0.00491579506055881
0.00562299765904087
0.00581807878680137
0.0054787278097964
0.004927206652474
0.00469276465506126
0.00472097576420759
0.00471212762501
0.00440371556076419
0.00379171065713495
0.00296975482633363
0.0305854199112473
0.0329034841333143
0.0330875782576707
0.0322260687299436
0.0322605719655729
0.0320634216208804
0.0311529291963012
0.0314169693387476
0.0310434826096725
0.0308872622457493
0.0308540776015492
0.0311303706644615
0.0333929245409647
0.0300733493227525
0.0312782627814689
0.0307758034721757
0.031588050670059
0.0318502168481148
0.0318584692491104
0.031845553265752
0.00122047719011157
0.00122110902700952
0.00121875075376713
0.00121235190644877
0.00120852545234278
0.00120975029087301
0.00121057896295893
0.00121170929326487
0.00121311916503563
0.00121621230040894
0.00122348450014821
0.00123681698203768
0.0012498277002115
0.00124926252673097
0.00124955444795614
0.00124952237679851
0.0012496530364232
0.00124969943360098
0.00124980461315665
0.00124990511345142
