0.471079562498096
0.0059350675368872
1367.86629686617
4.98101117247414
13.9483057834345
7.00000219905923
209.994042610347
34.4142131367183
33.5437940019399
0.0396497343106639
0.037135066786554
0.109571003160361
0.0201954174396734
0.0127451221716894
3.79728465078697e-05
0.0169744878558556
0.0157591007539978
0.0109295073750139
0.0151626713058699
0.0157387250575772
0.00476579772540103
0.0875087786865447
0.062815367871203
0.0756666557327902
0.00873128088008714
0.00610500160707356
0.00934915065544749
