0.501389204039198
0.0100814554277845
1027.14695343501
5.00147567206942
13.9759368924481
7.0088357196766
209.997079467052
34.9498859511832
32.280461909825
0.0404354170098264
0.0387860483009497
0.0336851030010303
0.0275537502614387
0.030856972218973
0.0187100500401756
0.01173598827311
0.00742779532893449
0.0110264618427674
0.000601342646315757
0.0131732449857299
0.0160301915992276
0.016903980655028
0.0108660651051094
0.0109814309264831
0.000520598022940925
0.00112831591002716
0.00760985610673938
0.0139334200567987
0.00661875968835867
0.0221726287112518
0.0219810299599368
0.0326985123155975
0.0283790514393939
0.0241213452664583
0.000583442757848036
0.00288012235250743
0.00195472530613314
0.000729081150562777
0.00880573320680396
