0.499959281137638
0.00738335439529343
1277.56326256898
4.9946884054696
14.0317384287104
7.02620063948724
209.999999813044
34.4331065172824
32.0009072436686
0.317144505213444
0.0629619964127654
0.0352795839957326
0.0359169119952272
0.0363504134113722
0.0366927077017922
0.0378037199500325
0.0394080877094729
0.0387099713268328
0.0372142457209044
0.0364705277451095
0.0361193208720876
0.0359438067955465
0.0358123333866807
0.0357282465331099
0.00252788362388282
0.00902486305917563
0.015605245947812
0.0157092292193117
0.0129421928093192
0.0106599751218844
0.00824784067047028
0.00570161711641101
0.003963384451583
0.00309183515375389
0.00262682662647195
0.00224875977659171
0.00208100035011257
0.00197780288753013
0.00194251958817038
0.0570569140285649
0.0693594576066013
0.0403607569285124
0.026531694707612
0.0189623775356958
0.0147362452940896
0.0124632910646496
0.0116493304918269
0.0115871241048885
0.0115743131891677
0.0114618920041543
0.0112449093094458
0.011111392020443
0.0110311701397973
0.0110026829544322
1.00025989099287e-10
1.00044239263858e-10
5.59192114363568e-08
0.449517696388666
0.0578849818225027
0.0427930278383053
0.0253198757263541
0.0152044425454593
0.00859326903464847
0.00469979203168813
0.00261955879680702
0.00180473188372816
0.0012669042737048
0.000953759511148175
0.000741204729065563
0.0406089146120045
0.106704479377692
0.0739073772342488
0.0550051894141243
0.0430671527281754
0.0337979549908526
0.0247664870254691
0.0176731362810398
0.0155510225849898
0.0153059195659414
0.015864350154541
0.0157789125177922
0.0152484869894553
0.0146123957525419
0.014119162421329
2.89079498121598e-06
1.97183285347629e-08
2.34664138641042e-06
0.000302030694408928
0.000350053072504987
0.000417513694672975
0.000709939675396117
0.000963458512202702
0.00117628430424596
0.00132180683739115
0.0013571065665034
0.00107727801415971
0.000871555808809771
0.000626908107292686
0.000396911974506356
