0.499993305933269
0.00100168541532738
159342.986361592
5.00001356613859
14.0010344025511
7.00202518821463
1.00856126569432
34.9988852846699
32.0002439696654
0.0356841431152864
0.0351709625042189
0.0354898725801726
0.0357299968655633
0.0357821723014505
0.0357840409215551
0.036241074296425
0.03637479635547
0.0358780995651875
0.0357316964812373
0.00195974385149154
0.00214723021113503
0.00578719252744698
0.00513268408747742
0.00347651920230479
0.00241019534656555
0.00202338823851197
0.00197099641963012
0.00194229928649358
0.00194001470292063
0.0422923211543235
0.0465678943073161
0.0255518796046157
0.0163767413712434
0.0126447838733613
0.0114979674859518
0.0111615546557247
0.0110277955299419
0.0110036328376074
0.0110002031145756
0.0144864403573754
0.0127886299180999
0.0364256422541561
0.0296929068272298
0.0159735923762065
0.00775813943302287
0.00514196647004356
0.00640341022554344
0.00494204704034206
0.00424447163937948
0.0455582939661951
0.0636854416881454
0.0432041384945899
0.0328473476464508
0.0276418022344039
0.025387160212472
0.0245702862919785
0.0243036994747179
0.0242652230401903
0.0242521570667087
0.0218319565974673
0.00620481225126864
0.000404423445899687
0.000408109855837459
0.000409496826492089
0.000411132381738359
0.000410337361510739
0.000410153810259964
0.000411512072220114
0.00041009818755005
