0.5
0.001
720073.869341564
4.99498727404801
14.0033178348125
7.00236929621382
189.999993942565
35.0779393719755
31.9409934805113
0.0105628578689286
0.0139317036086845
0.0139402552953382
0.0127398105402605
0.0128415355603332
0.0125083026884092
0.0133873229935221
0.0144144634702864
0.0132362362804701
0.00113980325261148
0.00192957429604105
0.00194045414637284
0.00193737801557326
0.00193604795941272
0.00218920915635951
0.00236678694912447
0.00224568350729628
0.00193212147928598
0.00193420777379846
0.00191301120059269
0.00724079630704314
0.00518298536658544
0.00432642972571688
0.0038745320022363
0.00378097334270621
0.00364739183776222
0.00363091169991093
0.00353471034263492
0.00340789785433656
0.000552908234278333
0.00528534631572325
0.00188424208070217
0.00197178097611005
0.00319426405355528
0.00243029212863136
0.00212026030295538
0.00176069970353649
0.00129932573015871
0.000847555312408091
0.000469834523205216
0.0209513997439578
0.0209543751920166
0.0209577478363509
0.0209745102402612
0.020976538515644
0.0209707193749836
0.0209561925206653
0.0210397403173667
0.0210614628840908
0.020972105508766
0.00522949195154444
0.00117441942887419
0.00190137212415366
0.00395676868181101
0.00291001414567171
0.00226943044147727
0.00162084436666041
0.0012308895175849
0.000833860790868376
0.000283162834244069
