0.5
0.001
298297.156
4.99999760700015
13.997773682117
7.00001722801199
190.000080098468
34.9898593141902
32.0016343498028
0.0219264831593861
0.0233745166035742
0.0237021883279848
0.023909340962529
0.0236833738370095
0.0228852076720565
0.0215467609655002
0.0196474795863511
0.017611286789443
0.015977649492535
0.0156559819404205
0.0162256905304723
0.0167749197180316
0.0165698639749357
0.0156552176302413
0.0149805485424127
0.0170443290031176
0.019366552009425
0.0215370803646681
0.0209050412286688
1.00909677703575e-05
0.000160503565314864
0.000256527220234133
0.000314744752670355
0.000728520478723217
0.000898223373729277
0.00106658745940837
0.0012420062518566
0.0014150637751478
0.00193785626931847
0.001937641231252
0.00193748131995575
0.0019374139082929
0.00193698714190691
0.00192989562482402
0.00193745834362516
0.00193818277797291
0.00193866149791867
0.00193922654771022
0.00193937949846842
0.00139684172427796
0.00159653584055827
0.00164105752952999
0.00166292169424059
0.00208913065603725
0.00218476390407419
0.00223667338011135
0.00223549207192956
0.00220153433022039
0.0025401556720917
0.00248319336461315
0.00256441857239377
0.00267535886874024
0.00270934936525284
0.00263950439122354
0.00255772138090063
0.00268823116620911
0.00305639501145566
0.00345288910872632
0.00353626107669205
0.00361757722379775
0.00392569739375084
0.00386578280201186
0.00388322746890727
0.00386251613314511
0.00381344491622703
0.00377353869109697
0.00395133090621712
0.00437618671611636
0.00498621673535561
0.00563625097087793
0.00594517116578075
0.00582265117354574
0.00551696378518451
0.00541848583074674
0.00546196217221577
0.00468514893594455
0.00437139908316521
0.00370518847329397
0.00290931138877231
0.030044984805577
0.0323241255084996
0.0327637017873757
0.0328466566338722
0.0325351727564865
0.0318816875330337
0.031142439514271
0.0305191758888822
0.0301413912114303
0.0299810512272317
0.0300548980308206
0.0301754631427507
0.0302252832700367
0.0303074397266532
0.0305228761466348
0.0305676568614897
0.0311360023369659
0.0316321474579649
0.0328840641055415
0.0309344603436003
0.00460811224255311
0.00487303659064069
0.0043341910063565
0.00374696592179817
0.00315592773531305
0.00273270507458171
0.00237696559400413
0.0020373281745695
0.00168219777446162
0.00133460703870823
0.00124765427771637
0.00143449966917866
0.00183713879613018
0.00220978118326331
0.00245728291734217
0.00243983228765497
0.0011973551475301
0.00116967586111536
0.00112596878005167
0.00112039290034724
