0.50000064597864
0.00229062532587827
1329.10909346328
5.00001398972729
14.0000157216405
7.00000329906991
1.00002058592256
35.0002333112823
31.9998989383238
0.0357183964776094
0.0357175721122847
0.0357101542389592
0.0357111530031578
0.0357161340912836
0.0357112929293872
0.0357141535071321
0.0357143014554881
0.0357142853170884
0.0357142856993787
0.00195628482386548
0.00196731509948139
0.00195787766899788
0.00194967200121846
0.00194244259905752
0.00193990226488359
0.00193999829094073
0.00193999977060113
0.00193999995576178
0.00193999999857638
0.0115822437420948
0.0121297622575218
0.0118684428581252
0.0114652048867841
0.0112844881675888
0.0111032077627275
0.0110027116419393
0.0110003148948863
0.0110000242721835
0.0110000012193236
0.0139204513315186
0.00793399553412768
0.00409087032435912
0.00408703663470715
0.00408735670911204
0.00408320268308995
0.00408774990566323
0.0056511710146898
0.00411235855465336
0.00410119418999424
0.0242665027159315
0.0244415309171171
0.0249258965119575
0.0248070909811276
0.0244230230948679
0.0246179560175702
0.0242672153331233
0.0242513168411649
0.0242501172230067
0.0242500061708668
0.000407712234043277
0.000409148005927806
0.000409607809222217
0.000409521868239147
0.000409566103552547
0.000409637358721517
0.000409975653112264
0.000510288765104427
0.000410071756471184
0.000409999996580283
