0.500360867436515
0.00468235207398344
1364.66109131474
5.00005829700991
14.000111417828
7.00031533287563
209.999978591103
35.0003545472888
31.9999057558081
0.0351794804657831
0.0389711770408115
0.048720521671137
0.0488420591659012
0.0389038497950377
0.0360230666504572
0.0384769997106238
0.0419342467486388
0.0431662134878055
0.0497537012737823
0.0570570828638753
0.0569868145409365
0.0509265293755513
0.0682021896067181
0.106722269231649
0.00400103994697151
0.00345481860364219
0.00460284362782743
0.0076939369157051
0.0127498326020192
0.0119123852280587
0.0144120704609036
0.0116861926788655
0.00623632302335245
0.00626784506987512
0.00284151663921455
0.00896301535838424
0.0010907303927089
0.00126906022564396
0.0224332867556217
0.0190717914211553
0.0250213146410636
0.0222620214101934
0.0205799067727408
0.0116646524365337
0.0116962178851269
0.0107516035929503
0.0104495896194469
0.0107865183156623
0.0111728051204251
0.0122192626425865
0.0131486734961664
0.0199811748470523
0.0210518517650715
0.0110366510471376
0.00177554278531305
0.00192733324041052
0.00347840121021454
0.00277093719674334
0.00276415683602477
0.00292247331547596
0.00230340330074235
0.00158868596657838
0.00159076865839443
0.00161292109795985
0.00164719410400799
0.00188292512043871
0.00192487684521398
0.00183418881145949
0.0017106573761504
0.0391830435606138
0.0421812579861734
0.0394455125835605
0.0356518695074206
0.0364155319691979
0.0371862219389563
0.0341613528215289
0.0349196526264041
0.0355356376556868
0.0332663813114224
0.0328228641477344
0.0328839820988528
0.0309959420213139
0.0279303966249632
0.0250415559971616
0.00297577369452012
0.0011143159951906
0.00273064115342024
0.00290407038579577
0.00407255138651994
0.00326630762813276
0.00436571786614242
0.00648507470125094
0.00680303653537953
0.00436878601214105
0.00512784822951822
0.00867107365384062
0.0102581026532109
0.0123565950869948
0.030595999859065
