0.499918369692522
0.00687018092282142
1277.56334091972
4.9958310237319
14.0115116450118
7.00729222824471
1.0263989872368
34.4642586057703
31.9999261257983
0.193035233031384
0.0464896232547927
0.0369405069313157
0.0365036504719455
0.0370489082781344
0.0360529121924345
0.0371460015704611
0.0374535424734004
0.0356615458865811
0.0356149113670998
0.0174723733868815
0.046798327793748
0.0278317016393573
0.0150316902223112
0.0060890503503292
0.0024758114052967
0.00219743463592235
0.00197183860781558
0.00191519817623785
0.00191367453502526
0.065170702528339
0.0560239396611751
0.0260829126997023
0.0159737451358539
0.0125345200743069
0.0113621692211099
0.0108612801745902
0.0108524510679397
0.0108517897139377
0.0108507389399436
1.00023375620039e-10
1.00036322779051e-10
0.156246912295768
0.0298837776868085
0.0133411470027573
0.0038432321236916
0.00217301074687255
0.00625124734466138
0.000987305090070389
0.000157541913147855
0.0727998376472176
0.0877070064529572
0.0468893146871352
0.0333937704759821
0.027067949666046
0.0258564663993576
0.0249424044788298
0.0243008040227207
0.0242537908560468
0.0242508198772299
3.63376848340047e-07
6.63211911203627e-08
6.59665790622789e-05
0.000482557183350439
0.000854290843937001
0.000598026880453617
0.000242953641231674
0.000111800829998073
0.00010300691100306
0.000100528027804099
