0.500147215914432
0.000988368700627472
401040.875429512
4.99995023844007
13.9998884754147
7.00011776918633
210.000033430483
35.0002894896714
31.9999340472824
0.0380478596120881
0.0331779467752141
0.042886488663385
0.0425043673346869
0.0447422631392327
0.0459580798716904
0.0279757224831554
0.017732745820671
0.00865655691143987
0.000180928280500139
0.0125379115502188
0.0215481181968552
0.0163475792180754
0.0148281971333033
0.0119761058683908
0.00638224986678325
0.0584264847990111
0.0501372975653983
0.0269122149183207
0.00858220002308954
0.0130267809874905
0.00839597264912998
0.00834407150281715
0.0110394938467705
0.0141582936940975
0.0145090791375574
0.0163069015596856
0.0148928267715101
0.0111936705612784
0.0110543229788008
0.0048309345819321
0.00442699908352264
0.00413711915823787
0.00399211176798901
0.00392661649248287
0.00392917558933029
0.00396619491869779
0.0040679037985462
0.00420328779882945
0.00454089514262979
0.0805460262272975
0.0763394499030675
0.090315214928441
0.0968983277446648
0.105747286356871
0.119991895832683
0.0835693228411186
0.0860719700883045
0.0875161821050105
0.0887507488379122
0.00453751181128486
0.00720382945337637
0.00776729306413841
0.00853540738398745
0.00836996942125347
0.0074458312193127
0.00675283254926887
0.00616903563495003
0.00498423385894299
0.00310315075839954
