0.500588381538129
0.0259175719666792
1159.88808158891
4.99998499855171
14.0011331098988
7.00412790216452
209.99979893662
34.9996216257625
31.9938592293259
0.037053104538443
0.0388544266343141
0.0392588181043098
0.0408273399522566
0.0429842193136008
0.0436053267794691
0.0429298421891547
0.0422266202991475
0.0414150124981288
0.0388640478470249
0.00613750779728607
0.00780384343629185
0.0072159075828231
0.00931613155116886
0.00825541165085274
0.00632876665475824
0.00437010089084873
0.00329153866690709
0.00323602600721175
0.00334792984760321
0.0257628705996132
0.0286762399707806
0.0203879409297126
0.0193082695466571
0.0193130844989632
0.019344895487238
0.0193742072775959
0.019390859783553
0.0193977484981849
0.0193998441838492
0.00869575123152987
0.0388216355179222
0.0155243336955805
0.00346659801680884
0.00213415447357592
0.00128174532785586
0.00111301101175877
0.00150530539813285
0.00129544573292081
0.00123706218607174
0.0470693747844383
0.0574262716628201
0.036846062028038
0.0250147268128046
0.0241195802047193
0.0241087303561982
0.0241562246672191
0.0241986649086544
0.024231907873566
0.0242475133384234
0.000155133287698626
0.000757072933381838
0.00217122278348032
0.00556184978791338
0.00627074883968724
0.00529864859640525
0.00401489616686116
0.00296088117031271
0.00187155915942271
0.00130573600799315
