0.5000291306168
0.000997825638888264
391193.804838907
4.99979602437989
13.9995927918772
7.00006602062142
210.000060641828
34.9995101106918
31.9995840231475
0.0389023784502657
0.0411660518882914
0.0429656705779887
0.0408639170432493
0.0419769412968018
0.0433743492250007
0.0441641961952134
0.0435547652698949
0.037937439235866
0.0336460548100197
0.0136451620520351
0.0247328114495457
0.0184975429401996
0.0144025751390739
0.011328113523641
0.0112082767516103
0.0110846437964931
0.00973050726694812
0.00555896866770238
0.00296938963575539
0.0127587048132595
0.0118849119668561
0.0136182698581093
0.0156139162589423
0.0135514095322885
0.0131396813498749
0.0129025404125339
0.0127393034490691
0.0116034566512243
0.0110462716305268
0.00428473267634329
0.00534969421425046
0.00534079171801183
0.00397412895566421
0.00391277775891919
0.00388773451688469
0.0039360437483784
0.00399170767055711
0.00439123902910036
0.00406758208228576
0.0824579305483995
0.0799820371531539
0.0804829324564051
0.0817370669878824
0.0841892871226887
0.0846280337415915
0.0838373842471233
0.0841242649271952
0.0808973193862313
0.0808493152930393
0.0047507457646439
0.00769653388711991
0.00811820675578536
0.0090002642703256
0.00943197448104941
0.00870354870645819
0.00751105818834543
0.00612682493417739
0.00457114823448837
0.00251921175576532
