0.499486306178088
0.00696875656148941
1328.35709808506
4.98994417199984
13.9761601071641
7.00041369809539
209.999096685961
34.9773920816439
31.9969823681626
0.256519117747983
0.0659392430429421
0.0373651979686637
0.0395155884469538
0.0375677489717577
0.0361532187641204
0.035823396102651
0.0369774493547072
0.0324721221832048
0.00978339576364086
0.002336145352068
0.0250206924168132
0.0345922229269726
0.0123664804862014
0.00595976529340815
0.0266665335077308
0.00748611697228435
0.00380854490385651
0.00572090731682143
0.0162530488102813
0.107598957107851
0.0732668604411564
0.0274793503563556
0.0146322017308462
0.0103079048439806
0.0441398367612935
0.0109995879997486
0.0109991947582684
0.0109998188676896
0.0143576149906607
0.000682767749987651
0.0254561932575258
0.128407884989852
0.088358321871253
0.0313363679634268
0.0136228505436908
0.00434606603568498
0.000307918161442149
0.00346111973394408
0.0196459876751682
0.105301330760298
0.169541128577963
0.0686245284468947
0.047177727933943
0.0361770846242241
0.0342635463246167
0.0336349449865967
0.0336738648817047
0.0336781288432988
0.0351370420202558
0.000825573268691992
0.000786513394047391
0.000710218459363962
0.000807784263810004
0.00755335651518246
0.00336030792543044
0.001281383849695
0.00164172104748661
0.000986580934280637
0.00271808789036041
