0.57420927373389
0.000602774936390363
21095.021848056
4.99900354646257
13.9912182079482
7.01253138483785
209.921761594747
33.1764286638172
32.2952041780804
0.057722429116629
0.056285618984508
0.051333222580865
0.0336413252014566
0.00984876099581193
4.32072513314466e-05
0.0107460633168742
0.0163266503376101
0.0234759144992395
0.0447035192689902
0.134517599663795
0.0279123797570116
0.0142892416045998
0.0114549085076123
0.0105301468000672
0.00418365520805284
0.00545740882474989
0.00380245536801246
0.00396833756993926
0.00394150744516002
0.0782981137210157
0.0370085958938198
0.0502923476559946
0.0737328271040934
0.090240850355248
0.0113826965302352
0.0101614964133151
0.0148963308044479
0.0137326606512006
0.0131581360039388
