0.5
0.001
482480.461538462
4.99863841309321
14.0032002864837
7.00265179511883
209.993895190342
35.0529298594729
31.9443110882963
0.0378095550360433
0.0349152999857383
0.0327851308303635
0.0260051662129091
0.0212937952705686
0.00408125108772471
0.00723886114588362
0.0148927645264392
0.0135684321348166
0.00723721024727992
0.0115805446588822
0.0103176094909261
0.0150881742394305
0.0104904010555052
0.0109779261634801
0.00116599453354939
0.00337674505142522
0.00499311439579779
0.0057043067696929
0.000926670480243695
0.0422307462274145
0.0386076850911875
0.0448109707548451
0.0460651689798111
0.03358935110218
0.000653613060847589
0.00240891508916843
0.000178219545721595
0.00363131400786475
1.03530964926632e-05
