0.494846718566401
0.00464901846448525
1501.86720833412
4.98818510091858
13.9743832348863
7.00000433248677
209.999840527981
34.7691623109482
32.107471253036
0.0378508383406966
0.0392978421045406
0.0374587185057053
0.0345315520050778
0.0347737049312444
0.016158872391681
0.0211052839532076
0.0165229165188875
0.0226681109753835
0.0207670559928692
0.0157087548709986
0.0177801249963216
0.0101109117398084
0.0108886957202905
0.0109924322699522
0.0137513495012619
0.014694506203484
0.0157772287168977
0.00974484028143112
0.00404227784363236
0.0840122456838657
0.0739936377851864
0.0735702868839518
0.0804525447089496
0.0807472476212321
0.0073189977939754
0.00259631930392382
0.00386583145823197
0.00444433587537598
0.00756157564240568
