0.003403111946897
0.001
52857.2133333333
4.90699290828346
13.9571137402412
7.00302679220011
150.388986695512
35.097534163732
31.9971715428522
0.0344618877324201
0.00119873552244738
0.0103715221289573
0.00159090299924881
0.00127595818015313
1.79518656602719e-05
0.00207051428816152
0.00100457352721195
0.00136140669678789
2.14743518283499e-05
0.00088013988039449
0.00169522574233333
0.00157522889264971
0.00166278074691541
0.000316802784539984
0.00572686049441335
0.00297382785083458
0.0065538020646403
0.00337681157597957
0.00487054812232057
0.048539500757738
0.0105306025889448
0.0210378209635549
0.00583730542829926
0.00834841536524722
0.000167725559068645
1.25555807196337e-05
0.00967576661284288
0.00627256503785253
0.00881972072312362
