0.500172088880893
0.00439225946730817
1078.46177303303
4.99801854950366
14.0057183303128
7.00140697311963
210.000342131593
35.0184223550933
32.0014395945048
0.0245960573153412
0.0359991599725094
0.044258239270706
0.0344915828630948
0.0442528905452991
0.0063329317680533
0.0056311618135169
0.0089193158703697
0.00177256833979731
0.016578808538936
0.0183654034426646
0.0179948436501512
0.0162802560903556
0.0228798499082044
0.0232292399278405
0.00955947315025881
0.000693152393705886
0.000681172618448714
0.000677411575064724
0.000690169546008078
0.0274093506026936
0.0314075419463405
0.015590207774926
0.0125155473482879
0.0084943060051256
0.00780799853435762
0.000459952631878278
0.000351150473874529
0.000350707412597805
0.000349871960290391
