0.5
0.001
65.0647482014388
4.99972203431152
14.0026308852538
7.00026817586212
209.998937346923
35.0054821452525
31.9975450923582
0.0344059037359861
0.0336186632968558
0.0359433693687498
0.0138232070979383
0.0334886829845273
0.0108257268893959
0.00871081137336867
0.00576368267403997
0.00353067320366511
0.0539409615576259
0.0324833138048326
0.0162974835563447
0.0114702243002769
0.0110143761249329
0.0109993128737974
0.0364994731446826
0.031368155246296
0.00307955980393986
0.00160504513829114
0.000721836910910167
0.05601446221249
0.0284476695347998
0.0189229340954872
0.0141197268581153
0.0140351074200675
0.000341117262803056
0.000335053125184322
0.00102754739595766
6.75949468883039e-05
9.08023975996434e-05
