0.5
0.001
65.0647482014388
5.00027065202991
13.9999961959851
7.0005331007145
209.999953818951
35.0002066536634
32.000326030758
0.0347312028417143
0.034848335612827
0.046565479524089
0.0379617521310711
0.0339808897607644
0.0351689824061084
0.0387957977669636
0.0355359510991544
0.0360229702429041
0.0366313018306584
0.0351480706520808
0.0372797630035164
0.0371111758186377
0.0371872092730487
0.0352744612075744
0.0329444776690066
0.0336539079664471
0.030061682417677
0.0453737288484151
0.0128938411214598
0.00734089050035336
0.00253110354362871
0.00477835126302971
0.0128184087510973
0.0100731919423286
0.00889030712540866
0.00536260319500332
0.0047405982295652
0.00287267288735207
0.00452996628270816
0.00561998635301589
0.00637225254319164
0.00659152709876866
0.00741091641702783
0.00561530255668269
0.00344658028939277
0.00515089512691869
0.0433803106271318
0.0149463941503747
1.00000000222041e-05
0.0254690483319291
0.0298812773899954
0.0219379373738663
0.016580972716831
0.0145493971683526
0.0135736330613152
0.0125889463597104
0.0112795307490219
0.0117263788368683
0.0117443259200491
0.0112051702055626
0.0110714894925149
0.0110027893111852
0.0109850230764357
0.0109862653521428
0.0109934714927356
0.0109975438087121
0.0110002440969632
0.0110027032957605
0.0109965680124641
0.00204721865825667
0.0191169641770128
0.0264886217576463
0.027286031178527
0.019991915728246
0.00743315421480581
0.000468061003255407
0.00365295063670715
0.00282227901225294
0.00354745105953809
0.00719704535150755
0.00553173377731367
0.00507738779655788
0.00572188957701869
0.00394846076354506
0.00182046822387153
0.000801722806518474
0.000707812381650518
0.000699672086072144
0.000701296519794433
0.0365560400899133
0.0482446716278463
0.0324442228879899
0.0249033659532094
0.0243327037762141
0.023727685246734
0.0230040669478721
0.0210777563765518
0.0200451271909065
0.019429789241909
0.0172433290452184
0.0149677659352837
0.0138172254669597
0.0140418863949072
0.013983233265789
0.0139937227665826
0.0140152191605557
0.0140284726100308
0.0140323425431007
0.0140372949539115
0.0240512098548554
0.000344265704511623
0.00033473483214084
0.000337888747326927
0.00448001780044969
0.00249430685980083
0.00049651244066063
0.00139311246680561
0.00129805355945115
0.000666166224232461
0.00135682287065462
0.000443496409294767
0.000410727856689123
0.000388531810609671
0.000374944831330239
0.00080605814380962
0.00121796042409379
0.00232449006170768
0.0051497742362578
0.00182594714630515
